1.339189758300781250e+02
1.353611907958984375e+02
1.324063110351562500e+02
1.266936950683593750e+02
1.174769134521484375e+02
1.258444442749023438e+02
1.325072784423828125e+02
1.346454467773437500e+02
1.323928833007812500e+02
1.268054580688476562e+02
1.175017852783203125e+02
1.253915863037109375e+02
1.320674438476562500e+02
1.344561462402343750e+02
1.325766296386718750e+02
1.269419708251953125e+02
1.173734512329101562e+02
1.253051834106445312e+02
1.318511505126953125e+02
1.346925659179687500e+02
1.330060729980468750e+02
1.270639495849609375e+02
1.172951354980468750e+02
1.251378784179687500e+02
1.317912597656250000e+02
1.353883972167968750e+02
1.347270202636718750e+02
1.282964172363281250e+02
1.177165603637695312e+02
1.271794128417968750e+02
1.364738311767578125e+02
1.329436798095703125e+02
1.269876174926757812e+02
1.175838699340820312e+02
1.259617919921875000e+02
1.331700134277343750e+02
1.353133697509765625e+02
1.328267974853515625e+02
1.270663070678710938e+02
1.175981597900390625e+02
1.255198211669921875e+02
1.324148101806640625e+02
1.348480224609375000e+02
1.328972778320312500e+02
1.271490478515625000e+02
1.174508819580078125e+02
1.253870468139648438e+02
1.320550079345703125e+02
1.349548797607421875e+02
1.332486572265625000e+02
1.272292480468750000e+02
1.173573532104492188e+02
1.251998062133789062e+02
1.319476776123046875e+02
1.356015167236328125e+02
1.349357452392578125e+02
1.284391937255859375e+02
1.177693481445312500e+02
1.266682739257812500e+02
1.345204772949218750e+02
1.338527374267578125e+02
1.274220962524414062e+02
1.177344589233398438e+02
1.257979202270507812e+02
1.329850463867187500e+02
1.357387847900390625e+02
1.333423004150390625e+02
1.273958435058593750e+02
1.177203369140625000e+02
1.254935836791992188e+02
1.324304351806640625e+02
1.350353088378906250e+02
1.331721038818359375e+02
1.273563766479492188e+02
1.175330734252929688e+02
1.253994979858398438e+02
1.321117401123046875e+02
1.350840911865234375e+02
1.334201507568359375e+02
1.273668518066406250e+02
1.174128952026367188e+02
1.252182083129882812e+02
1.320061340332031250e+02
1.357068634033203125e+02
1.350701446533203125e+02
1.285474395751953125e+02
1.178125839233398438e+02
1.264498291015625000e+02
1.337267608642578125e+02
1.365891723632812500e+02
1.280201263427734375e+02
1.179226531982421875e+02
1.256602554321289062e+02
1.326138763427734375e+02
1.353944702148437500e+02
1.335867614746093750e+02
1.276999664306640625e+02
1.178430480957031250e+02
1.254232406616210938e+02
1.322703704833984375e+02
1.349416503906250000e+02
1.332376708984375000e+02
1.274695739746093750e+02
1.175899047851562500e+02
1.253697433471679688e+02
1.320516967773437500e+02
1.350476379394531250e+02
1.334413299560546875e+02
1.274125518798828125e+02
1.174372940063476562e+02
1.252014541625976562e+02
1.319722595214843750e+02
1.356818542480468750e+02
1.350776214599609375e+02
1.285731048583984375e+02
1.178268890380859375e+02
1.263372268676757812e+02
1.333707122802734375e+02
1.357585449218750000e+02
1.336201324462890625e+02
1.182215805053710938e+02
1.255702514648437500e+02
1.323561706542968750e+02
1.349514007568359375e+02
1.331685485839843750e+02
1.277300033569335938e+02
1.179367675781250000e+02
1.253588790893554688e+02
1.320961761474609375e+02
1.347044830322265625e+02
1.330287322998046875e+02
1.273874435424804688e+02
1.175855331420898438e+02
1.253264160156250000e+02
1.319405059814453125e+02
1.348960266113281250e+02
1.333011322021484375e+02
1.273293151855468750e+02
1.174120025634765625e+02
1.251675720214843750e+02
1.318852081298828125e+02
1.355609436035156250e+02
1.349603271484375000e+02
1.284979400634765625e+02
1.178013916015625000e+02
1.262424240112304688e+02
1.330889434814453125e+02
1.351928863525390625e+02
1.326446380615234375e+02
1.273435592651367188e+02
1.254868392944335938e+02
1.321175994873046875e+02
1.345226745605468750e+02
1.325445556640625000e+02
1.271512145996093750e+02
1.178201141357421875e+02
1.252904052734375000e+02
1.319032440185546875e+02
1.343969573974609375e+02
1.326493530273437500e+02
1.270810928344726562e+02
1.174677505493164062e+02
1.252721099853515625e+02
1.317933959960937500e+02
1.346686096191406250e+02
1.330410156250000000e+02
1.271253738403320312e+02
1.173300399780273438e+02
1.251214065551757812e+02
1.317609558105468750e+02
1.353722534179687500e+02
1.347467193603515625e+02
1.283339538574218750e+02
1.177368164062500000e+02
1.265946197509765625e+02
1.334515228271484375e+02
1.352410125732421875e+02
1.323669128417968750e+02
1.266768951416015625e+02
1.174715042114257812e+02
1.325426635742187500e+02
1.346215209960937500e+02
1.323755950927734375e+02
1.267955322265625000e+02
1.174983215332031250e+02
1.255233459472656250e+02
1.321606445312500000e+02
1.344819488525390625e+02
1.325799255371093750e+02
1.269412460327148438e+02
1.173727493286132812e+02
1.253356704711914062e+02
1.318965606689453125e+02
1.347216644287109375e+02
1.330187835693359375e+02
1.270685806274414062e+02
1.172962722778320312e+02
1.251527099609375000e+02
1.318202209472656250e+02
1.354151458740234375e+02
1.347427673339843750e+02
1.283029785156250000e+02
1.177182846069335938e+02
1.267197113037109375e+02
1.341219940185546875e+02
1.358903961181640625e+02
1.327827911376953125e+02
1.269250640869140625e+02
1.175645141601562500e+02
1.260049057006835938e+02
1.353379364013671875e+02
1.327811279296875000e+02
1.270356674194335938e+02
1.175871887207031250e+02
1.256208877563476562e+02
1.326792602539062500e+02
1.349860839843750000e+02
1.329285888671875000e+02
1.271541442871093750e+02
1.174505691528320312e+02
1.254380035400390625e+02
1.321650543212890625e+02
1.350517578125000000e+02
1.333001403808593750e+02
1.272509002685546875e+02
1.173632812500000000e+02
1.252320480346679688e+02
1.320201721191406250e+02
1.356806945800781250e+02
1.349902648925781250e+02
1.284651794433593750e+02
1.177768325805664062e+02
1.265661468505859375e+02
1.339736328125000000e+02
1.363524017333984375e+02
1.332716522216796875e+02
1.272285614013671875e+02
1.176778717041015625e+02
1.257920455932617188e+02
1.330462188720703125e+02
1.333314361572265625e+02
1.273299789428710938e+02
1.176930541992187500e+02
1.255302658081054688e+02
1.325817871093750000e+02
1.353082427978515625e+02
1.332976837158203125e+02
1.273853302001953125e+02
1.175353088378906250e+02
1.254351959228515625e+02
1.322114257812500000e+02
1.352204742431640625e+02
1.335244140625000000e+02
1.274185638427734375e+02
1.174277954101562500e+02
1.252476425170898438e+02
1.320825805664062500e+02
1.358105316162109375e+02
1.351612701416015625e+02
1.285995025634765625e+02
1.178290634155273438e+02
1.264205093383789062e+02
1.335939788818359375e+02
1.360628356933593750e+02
1.335708770751953125e+02
1.275526351928710938e+02
1.178066711425781250e+02
1.256530380249023438e+02
1.325963287353515625e+02
1.354383544921875000e+02
1.277195663452148438e+02
1.178183898925781250e+02
1.254342346191406250e+02
1.323170166015625000e+02
1.350971984863281250e+02
1.335152740478515625e+02
1.276103515625000000e+02
1.176209335327148438e+02
1.253895416259765625e+02
1.321143951416015625e+02
1.351689910888671875e+02
1.335959625244140625e+02
1.275227661132812500e+02
1.174755020141601562e+02
1.252218399047851562e+02
1.320316314697265625e+02
1.357813262939453125e+02
1.351973724365234375e+02
1.286629638671875000e+02
1.178603515625000000e+02
1.263268127441406250e+02
1.333272247314453125e+02
1.356101226806640625e+02
1.331778106689453125e+02
1.276078262329101562e+02
1.179070587158203125e+02
1.255667190551757812e+02
1.323446044921875000e+02
1.349306335449218750e+02
1.332133026123046875e+02
1.179966430664062500e+02
1.253627471923828125e+02
1.321114044189453125e+02
1.347561798095703125e+02
1.331688232421875000e+02
1.276251525878906250e+02
1.176856536865234375e+02
1.253356857299804688e+02
1.319705505371093750e+02
1.349600067138671875e+02
1.334085540771484375e+02
1.274447555541992188e+02
1.174662399291992188e+02
1.251779861450195312e+02
1.319169311523437500e+02
1.356197509765625000e+02
1.350472564697265625e+02
1.285810546875000000e+02
1.178385238647460938e+02
1.262386474609375000e+02
1.330745849609375000e+02
1.351501159667968750e+02
1.325363922119140625e+02
1.270300979614257812e+02
1.177914657592773438e+02
1.254850082397460938e+02
1.321116333007812500e+02
1.345092163085937500e+02
1.325276336669921875e+02
1.272121505737304688e+02
1.252909622192382812e+02
1.319057769775390625e+02
1.344075317382812500e+02
1.326825256347656250e+02
1.271858901977539062e+02
1.176193466186523438e+02
1.252747344970703125e+02
1.318021850585937500e+02
1.346886291503906250e+02
1.330805053710937500e+02
1.271840515136718750e+02
1.173704605102539062e+02
1.251246185302734375e+02
1.317711181640625000e+02
1.353926239013671875e+02
1.347818145751953125e+02
1.283751220703125000e+02
1.177588195800781250e+02
1.263308258056640625e+02
1.331986236572265625e+02
1.351257324218750000e+02
1.323189544677734375e+02
1.266545867919921875e+02
1.174641342163085938e+02
1.257124099731445312e+02
1.323477020263671875e+02
1.345488128662109375e+02
1.323458557128906250e+02
1.267806243896484375e+02
1.174933395385742188e+02
1.322678833007812500e+02
1.344957275390625000e+02
1.325797882080078125e+02
1.269395370483398438e+02
1.173717803955078125e+02
1.254901123046875000e+02
1.320321960449218750e+02
1.347824096679687500e+02
1.330422515869140625e+02
1.270770416259765625e+02
1.172984390258789062e+02
1.252088623046875000e+02
1.319116973876953125e+02
1.354842681884765625e+02
1.347777709960937500e+02
1.283163452148437500e+02
1.177216796875000000e+02
1.264726715087890625e+02
1.335596160888671875e+02
1.355285797119140625e+02
1.326320953369140625e+02
1.268578796386718750e+02
1.175429687500000000e+02
1.258157043457031250e+02
1.328720703125000000e+02
1.350663299560546875e+02
1.326946258544921875e+02
1.269952774047851562e+02
1.175741500854492188e+02
1.257338790893554688e+02
1.351340942382812500e+02
1.329546661376953125e+02
1.271605758666992188e+02
1.174513473510742188e+02
1.255737152099609375e+02
1.324925994873046875e+02
1.352760009765625000e+02
1.333972778320312500e+02
1.272899322509765625e+02
1.173742599487304688e+02
1.253212356567382812e+02
1.322166290283203125e+02
1.358767242431640625e+02
1.351091461181640625e+02
1.285168609619140625e+02
1.177911834716796875e+02
1.264458465576171875e+02
1.335772857666015625e+02
1.357179260253906250e+02
1.328878479003906250e+02
1.270506668090820312e+02
1.176211547851562500e+02
1.257214889526367188e+02
1.327633666992187500e+02
1.353772583007812500e+02
1.330592956542968750e+02
1.272245254516601562e+02
1.176603698730468750e+02
1.255461959838867188e+02
1.327185668945312500e+02
1.334587249755859375e+02
1.274210968017578125e+02
1.175416183471679688e+02
1.255038833618164062e+02
1.324508056640625000e+02
1.356420135498046875e+02
1.337912597656250000e+02
1.275319747924804688e+02
1.174600448608398438e+02
1.253184280395507812e+02
1.322826538085937500e+02
1.361003570556640625e+02
1.354047241210937500e+02
1.287264251708984375e+02
1.178671493530273438e+02
1.263774566650390625e+02
1.334376678466796875e+02
1.356658477783203125e+02
1.329949645996093750e+02
1.271860275268554688e+02
1.176846694946289062e+02
1.256305770874023438e+02
1.325169830322265625e+02
1.351778106689453125e+02
1.332884674072265625e+02
1.274482803344726562e+02
1.177464904785156250e+02
1.254413757324218750e+02
1.323502655029296875e+02
1.352698364257812500e+02
1.277627029418945312e+02
1.176437454223632812e+02
1.254225540161132812e+02
1.322269897460937500e+02
1.354326324462890625e+02
1.340048370361328125e+02
1.277682113647460938e+02
1.175474548339843750e+02
1.252611083984375000e+02
1.321530761718750000e+02
1.360047607421875000e+02
1.354868621826171875e+02
1.288722686767578125e+02
1.179327239990234375e+02
1.263060913085937500e+02
1.332527313232421875e+02
1.354134063720703125e+02
1.327901763916015625e+02
1.271080322265625000e+02
1.176797027587890625e+02
1.255551986694335938e+02
1.323058471679687500e+02
1.348287506103515625e+02
1.329468536376953125e+02
1.274679183959960938e+02
1.178131484985351562e+02
1.253644256591796875e+02
1.321194763183593750e+02
1.347955169677734375e+02
1.333260040283203125e+02
1.178126602172851562e+02
1.253503723144531250e+02
1.320203552246093750e+02
1.350789031982421875e+02
1.336696166992187500e+02
1.278196868896484375e+02
1.176249465942382812e+02
1.251968154907226562e+02
1.319775238037109375e+02
1.357451782226562500e+02
1.352694244384765625e+02
1.288251495361328125e+02
1.179509353637695312e+02
1.262308197021484375e+02
1.330478057861328125e+02
1.350833587646484375e+02
1.324037475585937500e+02
1.267993698120117188e+02
1.175596084594726562e+02
1.254799423217773438e+02
1.320955200195312500e+02
1.344719696044921875e+02
1.324506835937500000e+02
1.270216598510742188e+02
1.177398452758789062e+02
1.252899093627929688e+02
1.319034729003906250e+02
1.344092712402343750e+02
1.327002868652343750e+02
1.273059005737304688e+02
1.252777938842773438e+02
1.318132476806640625e+02
1.347172851562500000e+02
1.331510162353515625e+02
1.273385086059570312e+02
1.175447158813476562e+02
1.251291732788085938e+02
1.317865142822265625e+02
1.354275970458984375e+02
1.348564910888671875e+02
1.284886322021484375e+02
1.178341064453125000e+02
1.262554397583007812e+02
1.330768737792968750e+02
1.350426788330078125e+02
1.322764892578125000e+02
1.266331481933593750e+02
1.174568557739257812e+02
1.255357513427734375e+02
1.321758422851562500e+02
1.344647521972656250e+02
1.323121795654296875e+02
1.267645874023437500e+02
1.174881286621093750e+02
1.255011367797851562e+02
1.321187438964843750e+02
1.344644317626953125e+02
1.325719909667968750e+02
1.269365081787109375e+02
1.173706893920898438e+02
1.322367553710937500e+02
1.348560791015625000e+02
1.330702514648437500e+02
1.270873184204101562e+02
1.173011703491210938e+02
1.254490737915039062e+02
1.321654052734375000e+02
1.356195831298828125e+02
1.348337860107421875e+02
1.283353576660156250e+02
1.177262725830078125e+02
1.263421707153320312e+02
1.332855987548828125e+02
1.352956848144531250e+02
1.324992065429687500e+02
1.267880096435546875e+02
1.175189132690429688e+02
1.256374206542968750e+02
1.324436645507812500e+02
1.347817535400390625e+02
1.325778045654296875e+02
1.269402160644531250e+02
1.175563430786132812e+02
1.255839920043945312e+02
1.325783843994140625e+02
1.349521331787109375e+02
1.329171905517578125e+02
1.271472702026367188e+02
1.174469070434570312e+02
1.257775268554687500e+02
1.355697174072265625e+02
1.334919738769531250e+02
1.273228607177734375e+02
1.173828125000000000e+02
1.255594940185546875e+02
1.327778320312500000e+02
1.363057708740234375e+02
1.352965087890625000e+02
1.285800476074218750e+02
1.178062133789062500e+02
1.263662719726562500e+02
1.333681488037109375e+02
1.354506988525390625e+02
1.326778259277343750e+02
1.269262008666992188e+02
1.175768051147460938e+02
1.256451873779296875e+02
1.325130462646484375e+02
1.349734802246093750e+02
1.328150634765625000e+02
1.271123504638671875e+02
1.176254577636718750e+02
1.255168685913085938e+02
1.325444793701171875e+02
1.353260040283203125e+02
1.333055114746093750e+02
1.273884887695312500e+02
1.175336227416992188e+02
1.255795211791992188e+02
1.327523956298828125e+02
1.340683135986328125e+02
1.276173400878906250e+02
1.174823760986328125e+02
1.254365921020507812e+02
1.326764678955078125e+02
1.367647552490234375e+02
1.358298187255859375e+02
1.288818359375000000e+02
1.179049148559570312e+02
1.263401641845703125e+02
1.333223266601562500e+02
1.354471588134765625e+02
1.327319183349609375e+02
1.269916992187500000e+02
1.176096115112304688e+02
1.256027069091796875e+02
1.324218139648437500e+02
1.349378204345703125e+02
1.329024505615234375e+02
1.272212982177734375e+02
1.176777420043945312e+02
1.254371109008789062e+02
1.323261413574218750e+02
1.351356353759765625e+02
1.335381164550781250e+02
1.276395874023437500e+02
1.176277542114257812e+02
1.254540939331054688e+02
1.323350372314453125e+02
1.357287139892578125e+02
1.280413970947265625e+02
1.176126022338867188e+02
1.253084182739257812e+02
1.323154144287109375e+02
1.363821411132812500e+02
1.361213836669921875e+02
1.292424468994140625e+02
1.180324554443359375e+02
1.262872619628906250e+02
1.331921234130859375e+02
1.352830810546875000e+02
1.325923461914062500e+02
1.269090957641601562e+02
1.175831756591796875e+02
1.255417251586914062e+02
1.322617950439453125e+02
1.347211761474609375e+02
1.327184600830078125e+02
1.271467132568359375e+02
1.176705017089843750e+02
1.253611145019531250e+02
1.321080017089843750e+02
1.347655792236328125e+02
1.331907043457031250e+02
1.276788787841796875e+02
1.177044601440429688e+02
1.253603744506835938e+02
1.320551452636718750e+02
1.351669464111328125e+02
1.339306182861328125e+02
1.178147048950195312e+02
1.252126464843750000e+02
1.320329132080078125e+02
1.358838500976562500e+02
1.356277008056640625e+02
1.293736572265625000e+02
1.181786270141601562e+02
1.262239608764648438e+02
1.330257415771484375e+02
1.350346374511718750e+02
1.323226013183593750e+02
1.266972961425781250e+02
1.174933547973632812e+02
1.254749221801757812e+02
1.320796813964843750e+02
1.344359130859375000e+02
1.323767089843750000e+02
1.268737106323242188e+02
1.175624237060546875e+02
1.252880249023437500e+02
1.318978576660156250e+02
1.343991546630859375e+02
1.326754608154296875e+02
1.271896514892578125e+02
1.176161727905273438e+02
1.252797393798828125e+02
1.318206024169921875e+02
1.347375030517578125e+02
1.332073364257812500e+02
1.275202178955078125e+02
1.251327743530273438e+02
1.317996063232421875e+02
1.354621887207031250e+02
1.349561309814453125e+02
1.287324371337890625e+02
1.181040115356445312e+02
1.262341842651367188e+02
1.330356750488281250e+02
1.350074310302734375e+02
1.322542572021484375e+02
1.266203536987304688e+02
1.174522094726562500e+02
1.254988479614257812e+02
1.321159362792968750e+02
1.344232482910156250e+02
1.322905273437500000e+02
1.267529373168945312e+02
1.174840698242187500e+02
1.253659362792968750e+02
1.320123138427734375e+02
1.344250183105468750e+02
1.325565948486328125e+02
1.269290008544921875e+02
1.173681182861328125e+02
1.255951232910156250e+02
1.321647796630859375e+02
1.348591918945312500e+02
1.330706329345703125e+02
1.270856475830078125e+02
1.173002624511718750e+02
1.324524383544921875e+02
1.357009277343750000e+02
1.348549652099609375e+02
1.283390045166015625e+02
1.177264709472656250e+02
1.263013687133789062e+02
1.331973571777343750e+02
1.352091674804687500e+02
1.324388580322265625e+02
1.267518005371093750e+02
1.175055618286132812e+02
1.255801696777343750e+02
1.323178710937500000e+02
1.346719970703125000e+02
1.325141296386718750e+02
1.269056854248046875e+02
1.175443725585937500e+02
1.254825744628906250e+02
1.323215179443359375e+02
1.348030548095703125e+02
1.328623657226562500e+02
1.271235198974609375e+02
1.174392623901367188e+02
1.257252655029296875e+02
1.327969207763671875e+02
1.355128784179687500e+02
1.334914245605468750e+02
1.273197097778320312e+02
1.173809051513671875e+02
1.258662490844726562e+02
1.367646942138671875e+02
1.354066772460937500e+02
1.286012115478515625e+02
1.178087768554687500e+02
1.263340606689453125e+02
1.332867584228515625e+02
1.353454437255859375e+02
1.325840148925781250e+02
1.268630828857421875e+02
1.175524215698242188e+02
1.256106414794921875e+02
1.324139404296875000e+02
1.348355102539062500e+02
1.326993865966796875e+02
1.270440597534179688e+02
1.176014328002929688e+02
1.254906921386718750e+02
1.324171600341796875e+02
1.350563201904296875e+02
1.331495971679687500e+02
1.273267288208007812e+02
1.175159072875976562e+02
1.256149978637695312e+02
1.327604217529296875e+02
1.360367126464843750e+02
1.339937133789062500e+02
1.276062088012695312e+02
1.174790344238281250e+02
1.255502777099609375e+02
1.332002410888671875e+02
1.363635406494140625e+02
1.289777221679687500e+02
1.179180679321289062e+02
1.263225631713867188e+02
1.332708587646484375e+02
1.353585968017578125e+02
1.326296539306640625e+02
1.269123458862304688e+02
1.175767669677734375e+02
1.255881347656250000e+02
1.323733825683593750e+02
1.348361206054687500e+02
1.327653045654296875e+02
1.271214447021484375e+02
1.176404953002929688e+02
1.254340820312500000e+02
1.322994537353515625e+02
1.350105590820312500e+02
1.332815856933593750e+02
1.275008392333984375e+02
1.175946807861328125e+02
1.254790802001953125e+02
1.324010314941406250e+02
1.357516632080078125e+02
1.343828277587890625e+02
1.279999313354492188e+02
1.176228561401367188e+02
1.253542098999023438e+02
1.324921112060546875e+02
1.370134124755859375e+02
1.298762969970703125e+02
1.181290817260742188e+02
1.262759170532226562e+02
1.331582641601562500e+02
1.352198486328125000e+02
1.325090942382812500e+02
1.268339080810546875e+02
1.175479507446289062e+02
1.255323104858398438e+02
1.322322540283203125e+02
1.346583099365234375e+02
1.326148376464843750e+02
1.270391921997070312e+02
1.176177597045898438e+02
1.253565979003906250e+02
1.320911254882812500e+02
1.347162170410156250e+02
1.330509490966796875e+02
1.274405288696289062e+02
1.176107711791992188e+02
1.253645935058593750e+02
1.320685119628906250e+02
1.351876220703125000e+02
1.338878479003906250e+02
1.281298522949218750e+02
1.177831115722656250e+02
1.252221908569335938e+02
1.320706024169921875e+02
1.360115509033203125e+02
1.362602386474609375e+02
1.186501693725585938e+02
1.262190704345703125e+02
1.330114288330078125e+02
1.350080108642578125e+02
1.322858886718750000e+02
1.266603775024414062e+02
1.174738235473632812e+02
1.254706268310546875e+02
1.320669250488281250e+02
1.344108734130859375e+02
1.323352508544921875e+02
1.268196792602539062e+02
1.175244674682617188e+02
1.252849578857421875e+02
1.318884582519531250e+02
1.343799438476562500e+02
1.326344146728515625e+02
1.270893249511718750e+02
1.174792480468750000e+02
1.252785263061523438e+02
1.318176879882812500e+02
1.347337341308593750e+02
1.332008666992187500e+02
1.274578247070312500e+02
1.176776962280273438e+02
1.251326751708984375e+02
1.318011779785156250e+02
1.354749145507812500e+02
1.350360412597656250e+02
1.291731872558593750e+02
