1.260939331054687500e+02
1.249436798095703125e+02
1.205900650024414062e+02
1.165488739013671875e+02
1.124592971801757812e+02
1.218278884887695312e+02
1.236036987304687500e+02
1.232538452148437500e+02
1.203361282348632812e+02
1.167470779418945312e+02
1.125279922485351562e+02
1.211425628662109375e+02
1.227718429565429688e+02
1.228603057861328125e+02
1.207205047607421875e+02
1.171104736328125000e+02
1.122856750488281250e+02
1.209542465209960938e+02
1.224518508911132812e+02
1.234911346435546875e+02
1.219896545410156250e+02
1.177798385620117188e+02
1.122564315795898438e+02
1.206434097290039062e+02
1.222837295532226562e+02
1.248235626220703125e+02
1.251388320922851562e+02
1.200885009765625000e+02
1.131250228881835938e+02
1.239263229370117188e+02
1.257212600708007812e+02
1.208127136230468750e+02
1.166393127441406250e+02
1.124868850708007812e+02
1.218564224243164062e+02
1.239248657226562500e+02
1.235620651245117188e+02
1.205007553100585938e+02
1.168325424194335938e+02
1.125551300048828125e+02
1.211833496093750000e+02
1.229067840576171875e+02
1.230285949707031250e+02
1.208498001098632812e+02
1.171861724853515625e+02
1.123067169189453125e+02
1.209767074584960938e+02
1.225183944702148438e+02
1.235997543334960938e+02
1.220936508178710938e+02
1.178412933349609375e+02
1.122717666625976562e+02
1.206537170410156250e+02
1.223202819824218750e+02
1.248947982788085938e+02
1.252179260253906250e+02
1.201373214721679688e+02
1.131376724243164062e+02
1.234618225097656250e+02
1.264070129394531250e+02
1.213265991210937500e+02
1.167987518310546875e+02
1.125314254760742188e+02
1.217659988403320312e+02
1.237944946289062500e+02
1.237666625976562500e+02
1.207170715332031250e+02
1.169519653320312500e+02
1.125933227539062500e+02
1.211683578491210938e+02
1.229019241333007812e+02
1.231015777587890625e+02
1.209626617431640625e+02
1.172679367065429688e+02
1.123313751220703125e+02
1.209762878417968750e+02
1.225277786254882812e+02
1.236467895507812500e+02
1.221690216064453125e+02
1.178974075317382812e+02
1.122872390747070312e+02
1.206550369262695312e+02
1.223286590576171875e+02
1.249245300292968750e+02
1.252687149047851562e+02
1.201764602661132812e+02
1.131489181518554688e+02
1.232869796752929688e+02
1.256772384643554688e+02
1.255053710937500000e+02
1.171146011352539062e+02
1.126074523925781250e+02
1.216910476684570312e+02
1.235615615844726562e+02
1.235079193115234375e+02
1.208264770507812500e+02
1.170933761596679688e+02
1.126430664062500000e+02
1.211353836059570312e+02
1.228097229003906250e+02
1.230232009887695312e+02
1.209787445068359375e+02
1.173196029663085938e+02
1.123526458740234375e+02
1.209618072509765625e+02
1.224901046752929688e+02
1.236078643798828125e+02
1.221682052612304688e+02
1.179183654785156250e+02
1.122960815429687500e+02
1.206492767333984375e+02
1.223107223510742188e+02
1.249007415771484375e+02
1.252626495361328125e+02
1.201844635009765625e+02
1.131530609130859375e+02
1.232344207763671875e+02
1.254924697875976562e+02
1.249661560058593750e+02
1.211032333374023438e+02
1.127091674804687500e+02
1.216584854125976562e+02
1.234557495117187500e+02
1.233009796142578125e+02
1.206048126220703125e+02
1.170829238891601562e+02
1.126692657470703125e+02
1.211153488159179688e+02
1.227426681518554688e+02
1.229131164550781250e+02
1.208733978271484375e+02
1.172726058959960938e+02
1.123475875854492188e+02
1.209498825073242188e+02
1.224526367187500000e+02
1.235371704101562500e+02
1.220931777954101562e+02
1.178768615722656250e+02
1.122876205444335938e+02
1.206434631347656250e+02
1.222891540527343750e+02
1.248551254272460938e+02
1.252085342407226562e+02
1.201513061523437500e+02
1.131449432373046875e+02
1.232049179077148438e+02
1.254001159667968750e+02
1.247589111328125000e+02
1.206561584472656250e+02
1.167692413330078125e+02
1.216364364624023438e+02
1.233848800659179688e+02
1.231583480834960938e+02
1.203660888671875000e+02
1.168502883911132812e+02
1.126205215454101562e+02
1.210996856689453125e+02
1.226875457763671875e+02
1.228066101074218750e+02
1.207265625000000000e+02
1.171490783691406250e+02
1.123089981079101562e+02
1.209392929077148438e+02
1.224173660278320312e+02
1.234592971801757812e+02
1.219866943359375000e+02
1.177954330444335938e+02
1.122643661499023438e+02
1.206379013061523438e+02
1.222672729492187500e+02
1.248026275634765625e+02
1.251324081420898438e+02
1.200941543579101562e+02
1.131283798217773438e+02
1.233933715820312500e+02
1.255895156860351562e+02
1.248133392333984375e+02
1.205596237182617188e+02
1.165384216308593750e+02
1.124562988281250000e+02
1.235761718750000000e+02
1.232195358276367188e+02
1.203192672729492188e+02
1.167386245727539062e+02
1.125253372192382812e+02
1.211829833984375000e+02
1.227933654785156250e+02
1.228563385009765625e+02
1.207121047973632812e+02
1.171046066284179688e+02
1.122839431762695312e+02
1.209620208740234375e+02
1.224625091552734375e+02
1.234934539794921875e+02
1.219857940673828125e+02
1.177761764526367188e+02
1.122553863525390625e+02
1.206455383300781250e+02
1.222886810302734375e+02
1.248270645141601562e+02
1.251378784179687500e+02
1.200864791870117188e+02
1.131243438720703125e+02
1.234438552856445312e+02
1.259326324462890625e+02
1.251165084838867188e+02
1.207048034667968750e+02
1.166103515625000000e+02
1.124794158935546875e+02
1.218508453369140625e+02
1.235298156738281250e+02
1.204681625366210938e+02
1.168154373168945312e+02
1.125497360229492188e+02
1.212101669311523438e+02
1.229913711547851562e+02
1.230699005126953125e+02
1.208510208129882812e+02
1.171805877685546875e+02
1.123044509887695312e+02
1.209890670776367188e+02
1.225495376586914062e+02
1.236294631958007812e+02
1.221040649414062500e+02
1.178416519165039062e+02
1.122711944580078125e+02
1.206585464477539062e+02
1.223351669311523438e+02
1.249153366088867188e+02
1.252300643920898438e+02
1.201405258178710938e+02
1.131379394531250000e+02
1.233539505004882812e+02
1.258297805786132812e+02
1.253486251831054688e+02
1.209111099243164062e+02
1.167155380249023438e+02
1.125128326416015625e+02
1.217541580200195312e+02
1.237897644042968750e+02
1.207052459716796875e+02
1.169256820678710938e+02
1.125840454101562500e+02
1.211779556274414062e+02
1.229583282470703125e+02
1.232248840332031250e+02
1.210195770263671875e+02
1.172787551879882812e+02
1.123313827514648438e+02
1.209854888916015625e+02
1.225605850219726562e+02
1.237091293334960938e+02
1.222185974121093750e+02
1.179165420532226562e+02
1.122902908325195312e+02
1.206598815917968750e+02
1.223470535278320312e+02
1.249620590209960938e+02
1.253063049316406250e+02
1.201952362060546875e+02
1.131528778076171875e+02
1.232752151489257812e+02
1.256074523925781250e+02
1.251380157470703125e+02
1.210686492919921875e+02
1.168583450317382812e+02
1.125595474243164062e+02
1.216928710937500000e+02
1.235670928955078125e+02
1.235442276000976562e+02
1.170908584594726562e+02
1.126309432983398438e+02
1.211410140991210938e+02
1.228349456787109375e+02
1.230989837646484375e+02
1.211054687500000000e+02
1.173796920776367188e+02
1.123618392944335938e+02
1.209673614501953125e+02
1.225110549926757812e+02
1.236634216308593750e+02
1.222464447021484375e+02
1.179673614501953125e+02
1.123068008422851562e+02
1.206525878906250000e+02
1.223246307373046875e+02
1.249369812011718750e+02
1.253154296875000000e+02
1.202207794189453125e+02
1.131624679565429688e+02
1.232349853515625000e+02
1.254880599975585938e+02
1.249217300415039062e+02
1.208843765258789062e+02
1.168852844238281250e+02
1.125925750732421875e+02
1.216610488891601562e+02
1.234631958007812500e+02
1.233134918212890625e+02
1.206396789550781250e+02
1.126825942993164062e+02
1.211183166503906250e+02
1.227542114257812500e+02
1.229428939819335938e+02
1.209398498535156250e+02
1.173655471801757812e+02
1.123767852783203125e+02
1.209525680541992188e+02
1.224626083374023438e+02
1.235651626586914062e+02
1.221448059082031250e+02
1.179277191162109375e+02
1.123038635253906250e+02
1.206451034545898438e+02
1.222962417602539062e+02
1.248754882812500000e+02
1.252455291748046875e+02
1.201840438842773438e+02
1.131553573608398438e+02
1.232052612304687500e+02
1.254000091552734375e+02
1.247524490356445312e+02
1.206234207153320312e+02
1.166609878540039062e+02
1.125521697998046875e+02
1.216371231079101562e+02
1.233868560791015625e+02
1.231612091064453125e+02
1.203691253662109375e+02
1.168719482421875000e+02
1.211004257202148438e+02
1.226903762817382812e+02
1.228136062622070312e+02
1.207422485351562500e+02
1.171838760375976562e+02
1.123481597900390625e+02
1.209399871826171875e+02
1.224199295043945312e+02
1.234667129516601562e+02
1.220022735595703125e+02
1.178170471191406250e+02
1.122755737304687500e+02
1.206383285522460938e+02
1.222691802978515625e+02
1.248084945678710938e+02
1.251448593139648438e+02
1.201077499389648438e+02
1.131337585449218750e+02
1.232419967651367188e+02
1.254503860473632812e+02
1.247496414184570312e+02
1.205378952026367188e+02
1.165292282104492188e+02
1.124534835815429688e+02
1.217169265747070312e+02
1.234694366455078125e+02
1.231772766113281250e+02
1.203013610839843750e+02
1.167298278808593750e+02
1.125225830078125000e+02
1.227951736450195312e+02
1.228395233154296875e+02
1.206993789672851562e+02
1.170972213745117188e+02
1.122818908691406250e+02
1.209906921386718750e+02
1.224854583740234375e+02
1.234942092895507812e+02
1.219788131713867188e+02
1.177709884643554688e+02
1.122540130615234375e+02
1.206518325805664062e+02
1.223012084960937500e+02
1.248342132568359375e+02
1.251363296508789062e+02
1.200834732055664062e+02
1.131233901977539062e+02
1.233030242919921875e+02
1.256055831909179688e+02
1.249149627685546875e+02
1.206439971923828125e+02
1.165883026123046875e+02
1.124731063842773438e+02
1.217590637207031250e+02
1.236823959350585938e+02
1.233894119262695312e+02
1.204270477294921875e+02
1.167974853515625000e+02
1.125442886352539062e+02
1.212269287109375000e+02
1.230838012695312500e+02
1.208383483886718750e+02
1.171704483032226562e+02
1.123013458251953125e+02
1.210162200927734375e+02
1.226306686401367188e+02
1.236806640625000000e+02
1.221124114990234375e+02
1.178390426635742188e+02
1.122699203491210938e+02
1.206700363159179688e+02
1.223700637817382812e+02
1.249568710327148438e+02
1.252485122680664062e+02
1.201435623168945312e+02
1.131378707885742188e+02
1.232993545532226562e+02
1.256352539062500000e+02
1.250224838256835938e+02
1.207653350830078125e+02
1.166666183471679688e+02
1.125000381469726562e+02
1.217298965454101562e+02
1.236687927246093750e+02
1.235638275146484375e+02
1.205989456176757812e+02
1.168940353393554688e+02
1.125753860473632812e+02
1.211791458129882812e+02
1.229916687011718750e+02
1.210656738281250000e+02
1.172818679809570312e+02
1.123303222656250000e+02
1.209970016479492188e+02
1.226156387329101562e+02
1.238550415039062500e+02
1.223063659667968750e+02
1.179408645629882812e+02
1.122936248779296875e+02
1.206677856445312500e+02
1.223809432983398438e+02
1.250390701293945312e+02
1.253775100708007812e+02
1.202254714965820312e+02
1.131585464477539062e+02
1.232653198242187500e+02
1.255622253417968750e+02
1.249893341064453125e+02
1.208266448974609375e+02
1.167326660156250000e+02
1.125257492065429688e+02
1.216914291381835938e+02
1.235556793212890625e+02
1.234642868041992188e+02
1.207111892700195312e+02
1.169967498779296875e+02
1.126097946166992188e+02
1.211447601318359375e+02
1.228519821166992188e+02
1.231714401245117188e+02
1.174356307983398438e+02
1.123666763305664062e+02
1.209736099243164062e+02
1.225377349853515625e+02
1.237610092163085938e+02
1.224285278320312500e+02
1.180587005615234375e+02
1.123222885131835938e+02
1.206571044921875000e+02
1.223459091186523438e+02
1.250034790039062500e+02
1.254249572753906250e+02
1.202930908203125000e+02
1.131794433593750000e+02
1.232328643798828125e+02
1.254761734008789062e+02
1.248721847534179688e+02
1.207450714111328125e+02
1.167094421386718750e+02
1.125258407592773438e+02
1.216615142822265625e+02
1.234628143310546875e+02
1.233010330200195312e+02
1.205629882812500000e+02
1.170000228881835938e+02
1.126289978027343750e+02
1.211201782226562500e+02
1.227616577148437500e+02
1.229652023315429688e+02
1.210132064819335938e+02
1.124144744873046875e+02
1.209551620483398438e+02
1.224731674194335938e+02
1.236027832031250000e+02
1.222486953735351562e+02
1.180810470581054688e+02
1.123475494384765625e+02
1.206470108032226562e+02
1.223054962158203125e+02
1.249086761474609375e+02
1.253262939453125000e+02
1.202707138061523438e+02
1.131842346191406250e+02
1.232027206420898438e+02
1.253913726806640625e+02
1.247302703857421875e+02
1.205727767944335938e+02
1.165790786743164062e+02
1.124804153442382812e+02
1.216354980468750000e+02
1.233813323974609375e+02
1.231483230590820312e+02
1.203397979736328125e+02
1.168059158325195312e+02
1.125879364013671875e+02
1.210995025634765625e+02
1.226872024536132812e+02
1.228083190917968750e+02
1.207389068603515625e+02
1.172091369628906250e+02
1.209395904541015625e+02
1.224189224243164062e+02
1.234668960571289062e+02
1.220130538940429688e+02
1.178599472045898438e+02
1.123240203857421875e+02
1.206382293701171875e+02
1.222691574096679688e+02
1.248110885620117188e+02
1.251597518920898438e+02
1.201363449096679688e+02
1.131503753662109375e+02
1.232117080688476562e+02
1.254017791748046875e+02
1.247156066894531250e+02
1.205223617553710938e+02
1.165217895507812500e+02
1.124511337280273438e+02
1.216539993286132812e+02
1.234063720703125000e+02
1.231428527832031250e+02
1.202857437133789062e+02
1.167221221923828125e+02
1.125201797485351562e+02
1.211487274169921875e+02
1.227425003051757812e+02
1.228154144287109375e+02
1.206862640380859375e+02
1.170902404785156250e+02
1.122800064086914062e+02
1.225243530273437500e+02
1.234965820312500000e+02
1.219724044799804688e+02
1.177662200927734375e+02
1.122527694702148438e+02
1.206879806518554688e+02
1.223513488769531250e+02
1.248598861694335938e+02
1.251401748657226562e+02
1.200817031860351562e+02
1.131226425170898438e+02
1.232439575195312500e+02
1.254781112670898438e+02
1.248017425537109375e+02
1.205852966308593750e+02
1.165591888427734375e+02
1.124638442993164062e+02
1.216891250610351562e+02
1.235014801025390625e+02
1.232525787353515625e+02
1.203640670776367188e+02
1.167667999267578125e+02
1.125347595214843750e+02
1.211781311035156250e+02
1.228915863037109375e+02
1.229686889648437500e+02
1.207850189208984375e+02
1.171428833007812500e+02
1.122939834594726562e+02
1.210589904785156250e+02
1.237296066284179688e+02
1.220936279296875000e+02
1.178216781616210938e+02
1.122652435302734375e+02
1.207078552246093750e+02
1.225022430419921875e+02
1.250726394653320312e+02
1.252747116088867188e+02
1.201398468017578125e+02
1.131354217529296875e+02
1.232644958496093750e+02
1.255407180786132812e+02
1.249020004272460938e+02
1.206843032836914062e+02
1.166249771118164062e+02
1.124870300292968750e+02
1.217013244628906250e+02
1.235626602172851562e+02
1.233823852539062500e+02
1.204976882934570312e+02
1.168506088256835938e+02
1.125627975463867188e+02
1.211681365966796875e+02
1.229228286743164062e+02
1.231893539428710938e+02
1.209895477294921875e+02
1.172537536621093750e+02
1.123232040405273438e+02
1.210124740600585938e+02
1.227108612060546875e+02
1.224252243041992188e+02
1.179528045654296875e+02
1.122934646606445312e+02
1.206870422363281250e+02
1.224890518188476562e+02
1.253619461059570312e+02
1.255893249511718750e+02
1.202809600830078125e+02
1.131658172607421875e+02
1.232543563842773438e+02
1.255259704589843750e+02
1.249155883789062500e+02
1.207360000610351562e+02
1.166723403930664062e+02
1.125057830810546875e+02
1.216850128173828125e+02
1.235286178588867188e+02
1.233832015991210938e+02
1.205720672607421875e+02
1.169216079711914062e+02
1.125897064208984375e+02
1.211440963745117188e+02
1.228459396362304688e+02
1.231320266723632812e+02
1.211484222412109375e+02
1.173910140991210938e+02
1.123607177734375000e+02
1.209796447753906250e+02
1.225662384033203125e+02
1.239165802001953125e+02
1.182071990966796875e+02
1.123399124145507812e+02
1.206639175415039062e+02
1.223858337402343750e+02
1.251912994384765625e+02
1.258673858642578125e+02
1.205201797485351562e+02
1.132190628051757812e+02
1.232266693115234375e+02
1.254557342529296875e+02
1.248260955810546875e+02
1.206682815551757812e+02
1.166381454467773438e+02
1.124966430664062500e+02
1.216575241088867188e+02
1.234483261108398438e+02
1.232632675170898438e+02
1.204751052856445312e+02
1.168866424560546875e+02
1.125866088867187500e+02
1.211183929443359375e+02
1.227546920776367188e+02
1.229486465454101562e+02
1.209607162475585938e+02
1.174054870605468750e+02
1.123897399902343750e+02
1.209555892944335938e+02
1.224764099121093750e+02
1.236262817382812500e+02
1.223893203735351562e+02
1.124299087524414062e+02
1.206482009887695312e+02
1.223139038085937500e+02
1.249600830078125000e+02
1.255602722167968750e+02
1.206482238769531250e+02
1.132941665649414062e+02
1.231999893188476562e+02
1.253829345703125000e+02
1.247126541137695312e+02
1.205427322387695312e+02
1.165456314086914062e+02
1.124623031616210938e+02
1.216334609985351562e+02
1.233745956420898438e+02
1.231337432861328125e+02
1.203112792968750000e+02
1.167595138549804688e+02
1.125418624877929688e+02
1.210981445312500000e+02
1.226822967529296875e+02
1.227981338500976562e+02
1.207210311889648438e+02
1.171687164306640625e+02
1.123505401611328125e+02
1.209388656616210938e+02
1.224167022705078125e+02
1.234636688232421875e+02
1.220187606811523438e+02
1.179266357421875000e+02
1.206379776000976562e+02
1.222686767578125000e+02
1.248145675659179688e+02
1.251932983398437500e+02
1.202387847900390625e+02
1.132526016235351562e+02
1.231997833251953125e+02
1.253777008056640625e+02
1.246932678222656250e+02
1.205087356567382812e+02
1.165142898559570312e+02
1.124486465454101562e+02
1.216364212036132812e+02
1.233747634887695312e+02
1.231161499023437500e+02
1.202698745727539062e+02
1.167135620117187500e+02
1.125174331665039062e+02
1.211087799072265625e+02
1.226952209472656250e+02
1.227851104736328125e+02
1.206686706542968750e+02
1.170809936523437500e+02
1.122775573730468750e+02
1.209868927001953125e+02
1.224721221923828125e+02
1.234700622558593750e+02
1.219555816650390625e+02
1.177577438354492188e+02
1.122507858276367188e+02
1.223888168334960938e+02
1.248568954467773438e+02
1.251289062500000000e+02
1.200746994018554688e+02
1.131208953857421875e+02
1.232192916870117188e+02
1.254234466552734375e+02
1.247460861206054688e+02
1.205493621826171875e+02
1.165391616821289062e+02
1.124572143554687500e+02
1.216587524414062500e+02
1.234305725097656250e+02
1.231825103759765625e+02
1.203211059570312500e+02
1.167438888549804688e+02
1.125274734497070312e+02
1.211373443603515625e+02
1.227744369506835938e+02
1.228774490356445312e+02
1.207366561889648438e+02
1.171186752319335938e+02
1.122876739501953125e+02
1.210294494628906250e+02
1.226456985473632812e+02
1.236512527465820312e+02
1.220566940307617188e+02
1.178026351928710938e+02
1.122606735229492188e+02
1.207680053710937500e+02
1.252684478759765625e+02
1.252995986938476562e+02
1.201334991455078125e+02
1.131325836181640625e+02
1.232406463623046875e+02
1.254794921875000000e+02
1.248234786987304688e+02
1.206209106445312500e+02
1.165866622924804688e+02
1.124740905761718750e+02
1.216786651611328125e+02
1.234922714233398438e+02
1.232790374755859375e+02
1.204149780273437500e+02
1.168046646118164062e+02
1.125483169555664062e+02
1.211518707275390625e+02
1.228427734375000000e+02
1.230171051025390625e+02
1.208757476806640625e+02
1.172033767700195312e+02
1.123111343383789062e+02
1.210195083618164062e+02
1.226976242065429688e+02
1.240056762695312500e+02
1.223436737060546875e+02
1.179303359985351562e+02
1.122880935668945312e+02
1.207176055908203125e+02
1.227499694824218750e+02
1.261339416503906250e+02
1.203647079467773438e+02
1.131732635498046875e+02
1.232412338256835938e+02
1.254879379272460938e+02
1.248529663085937500e+02
1.206681289672851562e+02
1.166253814697265625e+02
1.124891815185546875e+02
1.216747894287109375e+02
1.234923019409179688e+02
1.233085937500000000e+02
1.204787445068359375e+02
1.168600158691406250e+02
1.125699920654296875e+02
1.211392974853515625e+02
1.228197250366210938e+02
1.230408630371093750e+02
1.209825439453125000e+02
1.173063049316406250e+02
1.123451004028320312e+02
1.209851074218750000e+02
1.225850067138671875e+02
1.239183731079101562e+02
1.227050781250000000e+02
1.182158355712890625e+02
1.123521347045898438e+02
1.206749343872070312e+02
1.224664306640625000e+02
1.258192596435546875e+02
1.213680496215820312e+02
1.133217697143554688e+02
1.232204971313476562e+02
1.254369277954101562e+02
1.247903137207031250e+02
1.206195373535156250e+02
1.165977478027343750e+02
1.124805221557617188e+02
1.216529922485351562e+02
1.234323577880859375e+02
1.232271270751953125e+02
1.204136886596679688e+02
1.168281250000000000e+02
1.125624771118164062e+02
1.211160354614257812e+02
1.227443695068359375e+02
1.229184112548828125e+02
1.208802719116210938e+02
1.172803192138671875e+02
1.123512954711914062e+02
1.209562301635742188e+02
1.224797363281250000e+02
1.236395950317382812e+02
1.223874664306640625e+02
1.183333892822265625e+02
1.124272155761718750e+02
1.206503219604492188e+02
1.223299331665039062e+02
1.250796203613281250e+02
1.263976440429687500e+02
1.137062835693359375e+02
1.231987380981445312e+02
1.253789978027343750e+02
1.247044906616210938e+02
1.205298614501953125e+02
1.165331115722656250e+02
1.124564743041992188e+02
1.216325759887695312e+02
1.233714981079101562e+02
1.231264877319335938e+02
1.202970962524414062e+02
1.167411651611328125e+02
1.125302047729492188e+02
1.210976791381835938e+02
1.226804046630859375e+02
1.227932128906250000e+02
1.207083511352539062e+02
1.171355667114257812e+02
1.123070449829101562e+02
1.209388961791992188e+02
1.224170379638671875e+02
1.234661788940429688e+02
1.220280761718750000e+02
1.179210510253906250e+02
1.123827590942382812e+02
1.206382369995117188e+02
1.222707443237304688e+02
1.248298950195312500e+02
1.252930908203125000e+02
1.206480026245117188e+02
