1.276998443603515625e+02
1.273487396240234375e+02
1.232773284912109375e+02
1.190915985107421875e+02
1.138362350463867188e+02
1.227425613403320312e+02
1.256317367553710938e+02
1.258633575439453125e+02
1.232408981323242188e+02
1.192826766967773438e+02
1.138862915039062500e+02
1.222820205688476562e+02
1.251096191406250000e+02
1.256820755004882812e+02
1.235532913208007812e+02
1.195392990112304688e+02
1.137067718505859375e+02
1.222403717041015625e+02
1.250053405761718750e+02
1.262428207397460938e+02
1.244834747314453125e+02
1.199324264526367188e+02
1.136311721801757812e+02
1.220048370361328125e+02
1.249782485961914062e+02
1.275647964477539062e+02
1.276954650878906250e+02
1.221957168579101562e+02
1.144058837890625000e+02
1.245051116943359375e+02
1.281573486328125000e+02
1.235412750244140625e+02
1.192202224731445312e+02
1.138811187744140625e+02
1.227930068969726562e+02
1.260195007324218750e+02
1.262354583740234375e+02
1.234611968994140625e+02
1.194052581787109375e+02
1.139297027587890625e+02
1.223475875854492188e+02
1.252983322143554688e+02
1.259076614379882812e+02
1.237263946533203125e+02
1.196440124511718750e+02
1.137418365478515625e+02
1.222823867797851562e+02
1.251145324707031250e+02
1.263950805664062500e+02
1.246215362548828125e+02
1.200190963745117188e+02
1.136589126586914062e+02
1.220333786010742188e+02
1.250546493530273438e+02
1.276785659790039062e+02
1.278093185424804688e+02
1.222679901123046875e+02
1.144282073974609375e+02
1.240624084472656250e+02
1.280657501220703125e+02
1.241114196777343750e+02
1.194355545043945312e+02
1.139507446289062500e+02
1.226871185302734375e+02
1.258875961303710938e+02
1.264862289428710938e+02
1.237407836914062500e+02
1.195732116699218750e+02
1.139896774291992188e+02
1.223276367187500000e+02
1.253063964843750000e+02
1.260153884887695312e+02
1.238764648437500000e+02
1.197547225952148438e+02
1.137814331054687500e+02
1.222866973876953125e+02
1.251412658691406250e+02
1.264656143188476562e+02
1.247214050292968750e+02
1.200968780517578125e+02
1.136859817504882812e+02
1.220402450561523438e+02
1.250785827636718750e+02
1.277292556762695312e+02
1.278823471069335938e+02
1.223261184692382812e+02
1.144479522705078125e+02
1.238838119506835938e+02
1.273424911499023438e+02
1.280042266845703125e+02
1.198299026489257812e+02
1.140617904663085938e+02
1.225939712524414062e+02
1.256195602416992188e+02
1.262121582031250000e+02
1.238801040649414062e+02
1.197665634155273438e+02
1.140656127929687500e+02
1.222780151367187500e+02
1.251877746582031250e+02
1.259180831909179688e+02
1.238972702026367188e+02
1.198227920532226562e+02
1.138134078979492188e+02
1.222630538940429688e+02
1.250874633789062500e+02
1.264146881103515625e+02
1.247209167480468750e+02
1.201248397827148438e+02
1.137001647949218750e+02
1.220265045166015625e+02
1.250455398559570312e+02
1.276932220458984375e+02
1.278733444213867188e+02
1.223385925292968750e+02
1.144551467895507812e+02
1.238249282836914062e+02
1.271482925415039062e+02
1.274552154541015625e+02
1.239567489624023438e+02
1.142021026611328125e+02
1.225505981445312500e+02
1.254876632690429688e+02
1.259713973999023438e+02
1.236266632080078125e+02
1.197681350708007812e+02
1.141093826293945312e+02
1.222459259033203125e+02
1.250944290161132812e+02
1.257790832519531250e+02
1.237743682861328125e+02
1.197716217041015625e+02
1.138076400756835938e+02
1.222408370971679688e+02
1.250272979736328125e+02
1.263234710693359375e+02
1.246345443725585938e+02
1.200762939453125000e+02
1.136874694824218750e+02
1.220107574462890625e+02
1.250023727416992188e+02
1.276263885498046875e+02
1.278050384521484375e+02
1.222970809936523438e+02
1.144432449340820312e+02
1.237825164794921875e+02
1.270221328735351562e+02
1.271833496093750000e+02
1.234015884399414062e+02
1.194150466918945312e+02
1.225148239135742188e+02
1.253797988891601562e+02
1.257692489624023438e+02
1.233050460815429688e+02
1.194540176391601562e+02
1.140440902709960938e+02
1.222160034179687500e+02
1.250034713745117188e+02
1.256253814697265625e+02
1.235770874023437500e+02
1.196062164306640625e+02
1.137484436035156250e+02
1.222171096801757812e+02
1.249600067138671875e+02
1.262086334228515625e+02
1.244918136596679688e+02
1.199636383056640625e+02
1.136475830078125000e+02
1.219928207397460938e+02
1.249512329101562500e+02
1.275390319824218750e+02
1.276948318481445312e+02
1.222121505737304688e+02
1.144143676757812500e+02
1.240071334838867188e+02
1.272523117065429688e+02
1.272380218505859375e+02
1.232520523071289062e+02
1.190818328857421875e+02
1.138331146240234375e+02
1.256214294433593750e+02
1.258374633789062500e+02
1.232267990112304688e+02
1.192751998901367188e+02
1.138837051391601562e+02
1.223459472656250000e+02
1.251467437744140625e+02
1.256852569580078125e+02
1.235489883422851562e+02
1.195354843139648438e+02
1.137053527832031250e+02
1.222540664672851562e+02
1.250239334106445312e+02
1.262522735595703125e+02
1.244843444824218750e+02
1.199309463500976562e+02
1.136304779052734375e+02
1.220105438232421875e+02
1.249896163940429688e+02
1.275746994018554688e+02
1.276991119384765625e+02
1.221956939697265625e+02
1.144056015014648438e+02
1.240721511840820312e+02
1.276546554565429688e+02
1.276143417358398438e+02
1.234534912109375000e+02
1.191947555541992188e+02
1.138739471435546875e+02
1.227972793579101562e+02
1.262325439453125000e+02
1.234397506713867188e+02
1.193923263549804688e+02
1.139251785278320312e+02
1.223905105590820312e+02
1.254166030883789062e+02
1.259713821411132812e+02
1.237409362792968750e+02
1.196454544067382812e+02
1.137414779663085938e+02
1.223044967651367188e+02
1.251643676757812500e+02
1.264433593750000000e+02
1.246450042724609375e+02
1.200266113281250000e+02
1.136603851318359375e+02
1.220463104248046875e+02
1.250860900878906250e+02
1.277163238525390625e+02
1.278343887329101562e+02
1.222777099609375000e+02
1.144303436279296875e+02
1.239668960571289062e+02
1.275337295532226562e+02
1.278760986328125000e+02
1.237092132568359375e+02
1.193416061401367188e+02
1.139265060424804688e+02
1.226764297485351562e+02
1.258956604003906250e+02
1.237383117675781250e+02
1.195422668457031250e+02
1.139771804809570312e+02
1.223429946899414062e+02
1.253844070434570312e+02
1.261696395874023438e+02
1.239492111206054688e+02
1.197708892822265625e+02
1.137830963134765625e+02
1.223043518066406250e+02
1.251945724487304688e+02
1.265481719970703125e+02
1.247833175659179688e+02
1.201232833862304688e+02
1.136920928955078125e+02
1.220537338256835938e+02
1.251163177490234375e+02
1.277866973876953125e+02
1.279338684082031250e+02
1.223523254394531250e+02
1.144546737670898438e+02
1.238781738281250000e+02
1.272932128906250000e+02
1.276643981933593750e+02
1.239108963012695312e+02
1.195306167602539062e+02
1.139960479736328125e+02
1.225995101928710938e+02
1.256366119384765625e+02
1.262720565795898438e+02
1.197549896240234375e+02
1.140444946289062500e+02
1.222883911132812500e+02
1.252262954711914062e+02
1.260108795166015625e+02
1.240422363281250000e+02
1.198895645141601562e+02
1.138255691528320312e+02
1.222745666503906250e+02
1.251229782104492188e+02
1.264831237792968750e+02
1.248072891235351562e+02
1.201811904907226562e+02
1.137161483764648438e+02
1.220359954833984375e+02
1.250736465454101562e+02
1.277436370849609375e+02
1.279365463256835938e+02
1.223830413818359375e+02
1.144687957763671875e+02
1.238252563476562500e+02
1.271425704956054688e+02
1.274021224975585938e+02
1.237026596069335938e+02
1.195773849487304688e+02
1.140503158569335938e+02
1.225532073974609375e+02
1.254944839477539062e+02
1.259813079833984375e+02
1.236602859497070312e+02
1.141262359619140625e+02
1.222499847412109375e+02
1.251083526611328125e+02
1.258108978271484375e+02
1.238509597778320312e+02
1.198878479003906250e+02
1.138499603271484375e+02
1.222457656860351562e+02
1.250427551269531250e+02
1.263567504882812500e+02
1.246955642700195312e+02
1.201404495239257812e+02
1.137129516601562500e+02
1.220150909423828125e+02
1.250157775878906250e+02
1.276538925170898438e+02
1.278514175415039062e+02
1.223413543701171875e+02
1.144599151611328125e+02
1.237824859619140625e+02
1.270206298828125000e+02
1.271722030639648438e+02
1.233553237915039062e+02
1.192722473144531250e+02
1.139940032958984375e+02
1.225153274536132812e+02
1.253809509277343750e+02
1.257698364257812500e+02
1.233034057617187500e+02
1.194798507690429688e+02
1.222169265747070312e+02
1.250065994262695312e+02
1.256324768066406250e+02
1.235954360961914062e+02
1.196521072387695312e+02
1.138073654174804688e+02
1.222183761596679688e+02
1.249640579223632812e+02
1.262178955078125000e+02
1.245120773315429688e+02
1.199929809570312500e+02
1.136651840209960938e+02
1.219939956665039062e+02
1.249549789428710938e+02
1.275474166870117188e+02
1.277118072509765625e+02
1.222321548461914062e+02
1.144234466552734375e+02
1.238425445556640625e+02
1.271028518676757812e+02
1.271744995117187500e+02
1.232320632934570312e+02
1.190731277465820312e+02
1.138302536010742188e+02
1.226419067382812500e+02
1.255106201171875000e+02
1.257999801635742188e+02
1.232116317749023438e+02
1.192679367065429688e+02
1.138812561035156250e+02
1.251814041137695312e+02
1.256822204589843750e+02
1.235437393188476562e+02
1.195318222045898438e+02
1.137040557861328125e+02
1.223178558349609375e+02
1.250786209106445312e+02
1.262735290527343750e+02
1.244882965087890625e+02
1.199303817749023438e+02
1.136300048828125000e+02
1.220316696166992188e+02
1.250265426635742188e+02
1.276030426025390625e+02
1.277103042602539062e+02
1.221976699829101562e+02
1.144056930541992188e+02
1.239188308715820312e+02
1.273022842407226562e+02
1.274019393920898438e+02
1.233905029296875000e+02
1.191703109741210938e+02
1.138664093017578125e+02
1.226913833618164062e+02
1.257853927612304688e+02
1.260900802612304688e+02
1.233982238769531250e+02
1.193749847412109375e+02
1.139196166992187500e+02
1.224300842285156250e+02
1.260261535644531250e+02
1.237455444335937500e+02
1.196437072753906250e+02
1.137403869628906250e+02
1.223639755249023438e+02
1.253162841796875000e+02
1.265506896972656250e+02
1.246817398071289062e+02
1.200359649658203125e+02
1.136620101928710938e+02
1.220829467773437500e+02
1.251734237670898438e+02
1.278101806640625000e+02
1.278857727050781250e+02
1.222939682006835938e+02
1.144334716796875000e+02
1.239083480834960938e+02
1.273286743164062500e+02
1.275279922485351562e+02
1.235378799438476562e+02
1.192720336914062500e+02
1.139053878784179688e+02
1.226469650268554688e+02
1.257572402954101562e+02
1.262923736572265625e+02
1.235998764038085938e+02
1.194945983886718750e+02
1.139625625610351562e+02
1.223479690551757812e+02
1.254432220458984375e+02
1.240098953247070312e+02
1.197772903442382812e+02
1.137828063964843750e+02
1.223321990966796875e+02
1.252975540161132812e+02
1.267503433227539062e+02
1.248999633789062500e+02
1.201594238281250000e+02
1.136993713378906250e+02
1.220795059204101562e+02
1.251940155029296875e+02
1.279128036499023438e+02
1.280379028320312500e+02
1.223964767456054688e+02
1.144646530151367188e+02
1.238628921508789062e+02
1.272307281494140625e+02
1.274723892211914062e+02
1.236003875732421875e+02
1.193506393432617188e+02
1.139404067993164062e+02
1.225940170288085938e+02
1.256101150512695312e+02
1.261552658081054688e+02
1.237145462036132812e+02
1.196179809570312500e+02
1.140088424682617188e+02
1.222928009033203125e+02
1.252459259033203125e+02
1.260932159423828125e+02
1.199722213745117188e+02
1.138379211425781250e+02
1.222880859375000000e+02
1.251707229614257812e+02
1.266117782592773438e+02
1.250424499511718750e+02
1.203111038208007812e+02
1.137469100952148438e+02
1.220497817993164062e+02
1.251189041137695312e+02
1.278423919677734375e+02
1.280861663818359375e+02
1.224885101318359375e+02
1.144989929199218750e+02
1.238196411132812500e+02
1.271190872192382812e+02
1.273213958740234375e+02
1.234966506958007812e+02
1.193186340332031250e+02
1.139402847290039062e+02
1.225512542724609375e+02
1.254853744506835938e+02
1.259476928710937500e+02
1.235326232910156250e+02
1.196256103515625000e+02
1.140362625122070312e+02
1.222516326904296875e+02
1.251148452758789062e+02
1.258313598632812500e+02
1.239429702758789062e+02
1.139145736694335938e+02
1.222511520385742188e+02
1.250614166259765625e+02
1.264079971313476562e+02
1.248408203125000000e+02
1.203539733886718750e+02
1.137901306152343750e+02
1.220208969116210938e+02
1.250356292724609375e+02
1.277045822143554688e+02
1.279678802490234375e+02
1.224747543334960938e+02
1.145119094848632812e+02
1.237790374755859375e+02
1.270088500976562500e+02
1.271400375366210938e+02
1.232791976928710938e+02
1.191465835571289062e+02
1.138744430541992188e+02
1.225130538940429688e+02
1.253733291625976562e+02
1.257518310546875000e+02
1.232605590820312500e+02
1.193796615600585938e+02
1.139834442138671875e+02
1.222157974243164062e+02
1.250034484863281250e+02
1.256287994384765625e+02
1.236005935668945312e+02
1.197065048217773438e+02
1.222185134887695312e+02
1.249652404785156250e+02
1.262245864868164062e+02
1.245425949096679688e+02
1.200724487304687500e+02
1.137519226074218750e+02
1.219945602416992188e+02
1.249575347900390625e+02
1.275570755004882812e+02
1.277452087402343750e+02
1.222896347045898438e+02
1.144577941894531250e+02
1.237966308593750000e+02
1.270333786010742188e+02
1.271292800903320312e+02
1.232128295898437500e+02
1.190637664794921875e+02
1.138270874023437500e+02
1.225457534790039062e+02
1.254203338623046875e+02
1.257570724487304688e+02
1.231935424804687500e+02
1.192594451904296875e+02
1.138784408569335938e+02
1.223135833740234375e+02
1.251110229492187500e+02
1.256621780395507812e+02
1.235347518920898438e+02
1.195270690917968750e+02
1.137024993896484375e+02
1.251798629760742188e+02
1.263051071166992188e+02
1.244942398071289062e+02
1.199300155639648438e+02
1.136295166015625000e+02
1.221396179199218750e+02
1.251545791625976562e+02
1.276762084960937500e+02
1.277355575561523438e+02
1.222023468017578125e+02
1.144061355590820312e+02
1.238454895019531250e+02
1.271494140625000000e+02
1.272677383422851562e+02
1.233211288452148438e+02
1.191341171264648438e+02
1.138538818359375000e+02
1.225995101928710938e+02
1.255640945434570312e+02
1.259311828613281250e+02
1.233258438110351562e+02
1.193403244018554688e+02
1.139080123901367188e+02
1.223582382202148438e+02
1.253472213745117188e+02
1.259114227294921875e+02
1.237012710571289062e+02
1.196212234497070312e+02
1.137331161499023438e+02
1.224637527465820312e+02
1.266783065795898438e+02
1.246953048706054688e+02
1.200295486450195312e+02
1.136587295532226562e+02
1.221907730102539062e+02
1.254501190185546875e+02
1.280357971191406250e+02
1.279648056030273438e+02
1.223057708740234375e+02
1.144336776733398438e+02
1.238653717041015625e+02
1.272123718261718750e+02
1.273745040893554688e+02
1.234307556152343750e+02
1.192126922607421875e+02
1.138849105834960938e+02
1.226102600097656250e+02
1.256254959106445312e+02
1.260671844482421875e+02
1.234683914184570312e+02
1.194367294311523438e+02
1.139442520141601562e+02
1.223355560302734375e+02
1.253640365600585938e+02
1.261466140747070312e+02
1.239247360229492188e+02
1.197502059936523438e+02
1.137748641967773438e+02
1.223713989257812500e+02
1.254607086181640625e+02
1.250396499633789062e+02
1.201796493530273438e+02
1.137012634277343750e+02
1.221330032348632812e+02
1.253872528076171875e+02
1.283064422607421875e+02
1.282845916748046875e+02
1.224610214233398438e+02
1.144747772216796875e+02
1.238467788696289062e+02
1.271795730590820312e+02
1.273710327148437500e+02
1.234777297973632812e+02
1.192645111083984375e+02
1.139088363647460938e+02
1.225830764770507812e+02
1.255678863525390625e+02
1.260430831909179688e+02
1.235333099365234375e+02
1.195162811279296875e+02
1.139791870117187500e+02
1.222910690307617188e+02
1.252358245849609375e+02
1.260369873046875000e+02
1.240961532592773438e+02
1.199237747192382812e+02
1.138336181640625000e+02
1.223012847900390625e+02
1.252184524536132812e+02
1.267803955078125000e+02
1.204748153686523438e+02
1.137748870849609375e+02
1.220676651000976562e+02
1.251866149902343750e+02
1.280527496337890625e+02
1.285392456054687500e+02
1.227263259887695312e+02
1.145483474731445312e+02
1.238114547729492188e+02
1.270928573608398438e+02
1.272622375488281250e+02
1.233973770141601562e+02
1.192219924926757812e+02
1.138963851928710938e+02
1.225454101562500000e+02
1.254652175903320312e+02
1.258987731933593750e+02
1.234229278564453125e+02
1.194768981933593750e+02
1.139758071899414062e+02
1.222488784790039062e+02
1.251057815551757812e+02
1.258121719360351562e+02
1.238805389404296875e+02
1.199526596069335938e+02
1.138792037963867188e+02
1.222527847290039062e+02
1.250684280395507812e+02
1.264361190795898438e+02
1.249905471801757812e+02
1.138898086547851562e+02
1.220242385864257812e+02
1.250498580932617188e+02
1.277603302001953125e+02
1.281946716308593750e+02
1.228515243530273438e+02
1.146385726928710938e+02
1.237754516601562500e+02
1.269979248046875000e+02
1.271165847778320312e+02
1.232379608154296875e+02
1.190984191894531250e+02
1.138455810546875000e+02
1.225101852416992188e+02
1.253642425537109375e+02
1.257328338623046875e+02
1.232231445312500000e+02
1.193146514892578125e+02
1.139132614135742188e+02
1.222137527465820312e+02
1.249970855712890625e+02
1.256173706054687500e+02
1.235815963745117188e+02
1.196540679931640625e+02
1.138239288330078125e+02
1.222175369262695312e+02
1.249628601074218750e+02
1.262229919433593750e+02
1.245558700561523438e+02
1.201550598144531250e+02
1.219942016601562500e+02
1.249573593139648438e+02
1.275627593994140625e+02
1.277872924804687500e+02
1.224184799194335938e+02
1.145964660644531250e+02
1.237820434570312500e+02
1.270053176879882812e+02
1.271037826538085938e+02
1.231972274780273438e+02
1.190546340942382812e+02
1.138237457275390625e+02
1.225231781005859375e+02
1.253830947875976562e+02
1.257274017333984375e+02
1.231759185791015625e+02
1.192497177124023438e+02
1.138750076293945312e+02
1.222483444213867188e+02
1.250509414672851562e+02
1.256304321289062500e+02
1.235173950195312500e+02
1.195177612304687500e+02
1.136994934082031250e+02
1.223605651855468750e+02
1.251278305053710938e+02
1.262876586914062500e+02
1.244815673828125000e+02
1.199224243164062500e+02
1.136271286010742188e+02
1.252774429321289062e+02
1.277055358886718750e+02
1.277354125976562500e+02
1.221976699829101562e+02
1.144043960571289062e+02
1.238177947998046875e+02
1.270889358520507812e+02
1.272044601440429688e+02
1.232786026000976562e+02
1.191085891723632812e+02
1.138445053100585938e+02
1.225645980834960938e+02
1.254852218627929688e+02
1.258523330688476562e+02
1.232759094238281250e+02
1.193127517700195312e+02
1.138983383178710938e+02
1.223055648803710938e+02
1.252037658691406250e+02
1.258072814941406250e+02
1.236488571166992188e+02
1.195948333740234375e+02
1.137248153686523438e+02
1.224378662109375000e+02
1.254495239257812500e+02
1.266042480468750000e+02
1.246628646850585938e+02
1.200103836059570312e+02
1.136526260375976562e+02
1.223397903442382812e+02
1.283236694335937500e+02
1.280171661376953125e+02
1.223029632568359375e+02
1.144304046630859375e+02
1.238405380249023438e+02
1.271490478515625000e+02
1.272913284301757812e+02
1.233624801635742188e+02
1.191688003540039062e+02
1.138684997558593750e+02
1.225858688354492188e+02
1.255516433715820312e+02
1.259589004516601562e+02
1.233820953369140625e+02
1.193870544433593750e+02
1.139269638061523438e+02
1.223182601928710938e+02
1.252767105102539062e+02
1.259622726440429688e+02
1.238085327148437500e+02
1.196999816894531250e+02
1.137605438232421875e+02
1.223956909179687500e+02
1.254713821411132812e+02
1.269596252441406250e+02
1.249651947021484375e+02
1.201570510864257812e+02
1.136942214965820312e+02
1.222040710449218750e+02
1.257598571777343750e+02
1.288642883300781250e+02
1.225425415039062500e+02
1.144815597534179688e+02
1.238342895507812500e+02
1.271428833007812500e+02
1.273074951171875000e+02
1.234056777954101562e+02
1.192105255126953125e+02
1.138873748779296875e+02
1.225733642578125000e+02
1.255327911376953125e+02
1.259691467285156250e+02
1.234380798339843750e+02
1.194476547241210938e+02
1.139544296264648438e+02
1.222885894775390625e+02
1.252153854370117188e+02
1.259504470825195312e+02
1.239153823852539062e+02
1.198263549804687500e+02
1.138117599487304688e+02
1.223181152343750000e+02
1.252634735107421875e+02
1.268008575439453125e+02
1.253147583007812500e+02
1.204544677734375000e+02
1.137818298339843750e+02
1.220970306396484375e+02
1.253164367675781250e+02
1.287273712158203125e+02
1.235198593139648438e+02
1.146469116210937500e+02
1.238041534423828125e+02
1.270711593627929688e+02
1.272208862304687500e+02
1.233405456542968750e+02
1.191721878051757812e+02
1.138743057250976562e+02
1.225395584106445312e+02
1.254457321166992188e+02
1.258572235107421875e+02
1.233541946411132812e+02
1.194072113037109375e+02
1.139443969726562500e+02
1.222455749511718750e+02
1.250931930541992188e+02
1.257786331176757812e+02
1.237873535156250000e+02
1.198028488159179688e+02
1.138257980346679688e+02
1.222545318603515625e+02
1.250740585327148438e+02
1.264469070434570312e+02
1.249714584350585938e+02
1.205809326171875000e+02
1.138826370239257812e+02
1.220289001464843750e+02
1.250718536376953125e+02
1.278752365112304688e+02
1.289894714355468750e+02
1.151042556762695312e+02
1.237725906372070312e+02
1.269896545410156250e+02
1.271009902954101562e+02
1.232153625488281250e+02
1.190766220092773438e+02
1.138348007202148438e+02
1.225077362060546875e+02
1.253566284179687500e+02
1.257178421020507812e+02
1.231982192993164062e+02
1.192840423583984375e+02
1.138939590454101562e+02
1.222118682861328125e+02
1.249909667968750000e+02
1.256050796508789062e+02
1.235560989379882812e+02
1.195982742309570312e+02
1.137522277832031250e+02
1.222165832519531250e+02
1.249602355957031250e+02
1.262189331054687500e+02
1.245517501831054688e+02
1.201262512207031250e+02
1.138188934326171875e+02
1.219938964843750000e+02
1.249575576782226562e+02
1.275725250244140625e+02
1.278747940063476562e+02
1.228625259399414062e+02
