1.534096069335937500e+02
1.607010498046875000e+02
1.589545135498046875e+02
1.479215698242187500e+02
1.275223770141601562e+02
1.348301391601562500e+02
1.526379089355468750e+02
1.604607543945312500e+02
1.588618621826171875e+02
1.478835449218750000e+02
1.275106048583984375e+02
1.342878570556640625e+02
1.520883483886718750e+02
1.601780090332031250e+02
1.587276153564453125e+02
1.478231353759765625e+02
1.274911880493164062e+02
1.341419982910156250e+02
1.518473052978515625e+02
1.599958038330078125e+02
1.586211242675781250e+02
1.477700042724609375e+02
1.274733581542968750e+02
1.340986328125000000e+02
1.517625274658203125e+02
1.599187927246093750e+02
1.585700683593750000e+02
1.477426605224609375e+02
1.274638824462890625e+02
1.358960418701171875e+02
1.630340270996093750e+02
1.602873229980468750e+02
1.486541442871093750e+02
1.277895965576171875e+02
1.351243286132812500e+02
1.540928497314453125e+02
1.619874420166015625e+02
1.599381866455078125e+02
1.485205230712890625e+02
1.277494125366210938e+02
1.345747833251953125e+02
1.528397521972656250e+02
1.610859680175781250e+02
1.594917755126953125e+02
1.483203887939453125e+02
1.276854705810546875e+02
1.343337402343750000e+02
1.523216857910156250e+02
1.605966796875000000e+02
1.591740417480468750e+02
1.481550445556640625e+02
1.276291122436523438e+02
1.342489624023437500e+02
1.521345062255859375e+02
1.604006805419921875e+02
1.590300445556640625e+02
1.480733337402343750e+02
1.276000595092773438e+02
1.350916137695312500e+02
1.549381713867187500e+02
1.621513519287109375e+02
1.495730590820312500e+02
1.281111450195312500e+02
1.348513183593750000e+02
1.538915863037109375e+02
1.629879913330078125e+02
1.610638275146484375e+02
1.492217712402343750e+02
1.280127716064453125e+02
1.345685729980468750e+02
1.529901123046875000e+02
1.615712280273437500e+02
1.600964508056640625e+02
1.487718353271484375e+02
1.278696060180664062e+02
1.343863830566406250e+02
1.525008239746093750e+02
1.609176330566406250e+02
1.595483093261718750e+02
1.484508666992187500e+02
1.277554092407226562e+02
1.343093719482421875e+02
1.523048248291015625e+02
1.606634521484375000e+02
1.593216705322265625e+02
1.483051452636718750e+02
1.277004394531250000e+02
1.346669464111328125e+02
1.535133361816406250e+02
1.634732055664062500e+02
1.510260772705078125e+02
1.285717773437500000e+02
1.345742950439453125e+02
1.531641845703125000e+02
1.623856811523437500e+02
1.616892852783203125e+02
1.499737854003906250e+02
1.283176879882812500e+02
1.344400634765625000e+02
1.527177734375000000e+02
1.614183197021484375e+02
1.602689971923828125e+02
1.490633850097656250e+02
1.280157012939453125e+02
1.343335571289062500e+02
1.524000396728515625e+02
1.608701629638671875e+02
1.596121673583984375e+02
1.485663909912109375e+02
1.278188934326171875e+02
1.342825012207031250e+02
1.522560424804687500e+02
1.606435241699218750e+02
1.593562774658203125e+02
1.483664855957031250e+02
1.277350921630859375e+02
1.343735809326171875e+02
1.526197204589843750e+02
1.616344909667968750e+02
1.617656402587890625e+02
1.294320373535156250e+02
1.343355407714843750e+02
1.524860992431640625e+02
1.612832031250000000e+02
1.607133483886718750e+02
1.502029266357421875e+02
1.286232299804687500e+02
1.342751464843750000e+02
1.522859649658203125e+02
1.608332519531250000e+02
1.598029479980468750e+02
1.489305877685546875e+02
1.280334625244140625e+02
1.342220153808593750e+02
1.521206207275390625e+02
1.605122985839843750e+02
1.593059539794921875e+02
1.483979034423828125e+02
1.277686996459960938e+02
1.341946716308593750e+02
1.520389099121093750e+02
1.603665771484375000e+02
1.591060638427734375e+02
1.482039337158203125e+02
1.276744384765625000e+02
1.341316680908203125e+02
1.519124603271484375e+02
1.603298492431640625e+02
1.594686279296875000e+02
1.495893249511718750e+02
1.341198883056640625e+02
1.518722686767578125e+02
1.602314910888671875e+02
1.592145385742187500e+02
1.487805023193359375e+02
1.283551330566406250e+02
1.341004791259765625e+02
1.518083343505859375e+02
1.600883178710937500e+02
1.589125671386718750e+02
1.481907501220703125e+02
1.277386169433593750e+02
1.340826416015625000e+02
1.517519683837890625e+02
1.599741210937500000e+02
1.587157440185546875e+02
1.479259796142578125e+02
1.275655441284179688e+02
1.340731658935546875e+02
1.517229156494140625e+02
1.599191589355468750e+02
1.586319427490234375e+02
1.478317260742187500e+02
1.275133743286132812e+02
1.348301239013671875e+02
1.526379089355468750e+02
1.604607543945312500e+02
1.588618621826171875e+02
1.478835449218750000e+02
1.275105972290039062e+02
1.527933959960937500e+02
1.604211120605468750e+02
1.588265228271484375e+02
1.478647308349609375e+02
1.275041961669921875e+02
1.346373138427734375e+02
1.523495788574218750e+02
1.602608184814453125e+02
1.587502593994140625e+02
1.478290557861328125e+02
1.274924697875976562e+02
1.342306671142578125e+02
1.519807281494140625e+02
1.600845031738281250e+02
1.586675872802734375e+02
1.477915802001953125e+02
1.274803466796875000e+02
1.341419982910156250e+02
1.518473052978515625e+02
1.599958038330078125e+02
1.586211242675781250e+02
1.477700042724609375e+02
1.274733581542968750e+02
1.351243286132812500e+02
1.540928497314453125e+02
1.619874420166015625e+02
1.599381866455078125e+02
1.485205230712890625e+02
1.277494125366210938e+02
1.352798309326171875e+02
1.620749816894531250e+02
1.598522033691406250e+02
1.484642333984375000e+02
1.277294387817382812e+02
1.348360137939453125e+02
1.534731597900390625e+02
1.614323120117187500e+02
1.595975189208984375e+02
1.483487701416015625e+02
1.276916427612304688e+02
1.344671478271484375e+02
1.526042022705078125e+02
1.608453521728515625e+02
1.593201446533203125e+02
1.482250976562500000e+02
1.276519546508789062e+02
1.343337402343750000e+02
1.523216857910156250e+02
1.605966796875000000e+02
1.591740417480468750e+02
1.481550445556640625e+02
1.276291122436523438e+02
1.348513183593750000e+02
1.538915863037109375e+02
1.629879913330078125e+02
1.610638275146484375e+02
1.492217712402343750e+02
1.280127716064453125e+02
1.348116912841796875e+02
1.539791259765625000e+02
1.611304016113281250e+02
1.491346282958984375e+02
1.279747161865234375e+02
1.346513977050781250e+02
1.533364562988281250e+02
1.622275695800781250e+02
1.604485321044921875e+02
1.488778228759765625e+02
1.278932495117187500e+02
1.344750823974609375e+02
1.527494964599609375e+02
1.612575683593750000e+02
1.598205718994140625e+02
1.485982360839843750e+02
1.278050460815429688e+02
1.343863830566406250e+02
1.525008239746093750e+02
1.609176330566406250e+02
1.595483093261718750e+02
1.484508666992187500e+02
1.277554168701171875e+02
1.345742950439453125e+02
1.531641845703125000e+02
1.623856811523437500e+02
1.616892852783203125e+02
1.499737854003906250e+02
1.283176879882812500e+02
1.345389556884765625e+02
1.530782012939453125e+02
1.624522705078125000e+02
1.500586090087890625e+02
1.282733917236328125e+02
1.344626922607421875e+02
1.528235168457031250e+02
1.617703857421875000e+02
1.609255828857421875e+02
1.494107208251953125e+02
1.281022949218750000e+02
1.343800201416015625e+02
1.525461578369140625e+02
1.611424407958984375e+02
1.599533691406250000e+02
1.488182220458984375e+02
1.279141540527343750e+02
1.343335723876953125e+02
1.524000396728515625e+02
1.608701629638671875e+02
1.596121673583984375e+02
1.485663909912109375e+02
1.278188934326171875e+02
1.343355407714843750e+02
1.524860992431640625e+02
1.612832031250000000e+02
1.607133483886718750e+02
1.502029266357421875e+02
1.286232299804687500e+02
1.343167419433593750e+02
1.524298095703125000e+02
1.611960601806640625e+02
1.607981872558593750e+02
1.287753295898437500e+02
1.342810668945312500e+02
1.523143310546875000e+02
1.609392547607421875e+02
1.601502990722656250e+02
1.495677795410156250e+02
1.283083343505859375e+02
1.342435760498046875e+02
1.521906738281250000e+02
1.606596679687500000e+02
1.595578002929687500e+02
1.486869964599609375e+02
1.279141540527343750e+02
1.342220153808593750e+02
1.521206207275390625e+02
1.605122985839843750e+02
1.593059539794921875e+02
1.483979034423828125e+02
1.277687072753906250e+02
1.341198883056640625e+02
1.518722686767578125e+02
1.602314910888671875e+02
1.592145385742187500e+02
1.487805023193359375e+02
1.283551330566406250e+02
1.341134948730468750e+02
1.518522949218750000e+02
1.601934356689453125e+02
1.591702423095703125e+02
1.489326019287109375e+02
1.341017608642578125e+02
1.518144989013671875e+02
1.601119537353515625e+02
1.589991455078125000e+02
1.484656219482421875e+02
1.281283569335937500e+02
1.340896453857421875e+02
1.517748107910156250e+02
1.600237579345703125e+02
1.588110046386718750e+02
1.480714416503906250e+02
1.276700134277343750e+02
1.340826416015625000e+02
1.517519683837890625e+02
1.599741210937500000e+02
1.587157440185546875e+02
1.479259948730468750e+02
1.275655517578125000e+02
1.342878570556640625e+02
1.520883483886718750e+02
1.601780090332031250e+02
1.587276153564453125e+02
1.478231353759765625e+02
1.274911880493164062e+02
1.346373138427734375e+02
1.523495788574218750e+02
1.602608184814453125e+02
1.587502593994140625e+02
1.478290557861328125e+02
1.274924697875976562e+02
1.526857604980468750e+02
1.603276214599609375e+02
1.587664794921875000e+02
1.478331756591796875e+02
1.274933547973632812e+02
1.346373138427734375e+02
1.523495788574218750e+02
1.602608184814453125e+02
1.587502593994140625e+02
1.478290557861328125e+02
1.274924697875976562e+02
1.342878570556640625e+02
1.520883483886718750e+02
1.601780090332031250e+02
1.587276153564453125e+02
1.478231353759765625e+02
1.274911956787109375e+02
1.345747833251953125e+02
1.528397521972656250e+02
1.610859680175781250e+02
1.594917755126953125e+02
1.483203887939453125e+02
1.276854705810546875e+02
1.348360137939453125e+02
1.534731597900390625e+02
1.614323120117187500e+02
1.595975189208984375e+02
1.483487701416015625e+02
1.276916427612304688e+02
1.351721954345703125e+02
1.618343505859375000e+02
1.596805725097656250e+02
1.483689422607421875e+02
1.276959228515625000e+02
1.348360137939453125e+02
1.534731597900390625e+02
1.614323120117187500e+02
1.595975189208984375e+02
1.483487701416015625e+02
1.276916427612304688e+02
1.345747833251953125e+02
1.528397521972656250e+02
1.610859832763671875e+02
1.594917755126953125e+02
1.483203887939453125e+02
1.276854705810546875e+02
1.345685729980468750e+02
1.529901123046875000e+02
1.615712280273437500e+02
1.600964508056640625e+02
1.487718200683593750e+02
1.278695983886718750e+02
1.346513977050781250e+02
1.533364562988281250e+02
1.622275695800781250e+02
1.604485321044921875e+02
1.488778228759765625e+02
1.278932495117187500e+02
1.347182006835937500e+02
1.537384948730468750e+02
1.608545227050781250e+02
1.489610443115234375e+02
1.279101562500000000e+02
1.346513977050781250e+02
1.533364562988281250e+02
1.622275695800781250e+02
1.604485321044921875e+02
1.488778228759765625e+02
1.278932495117187500e+02
1.345685882568359375e+02
1.529901275634765625e+02
1.615712432861328125e+02
1.600964660644531250e+02
1.487718353271484375e+02
1.278696060180664062e+02
1.344400482177734375e+02
1.527177734375000000e+02
1.614183197021484375e+02
1.602689971923828125e+02
1.490633850097656250e+02
1.280157012939453125e+02
1.344626922607421875e+02
1.528235168457031250e+02
1.617703857421875000e+02
1.609255828857421875e+02
1.494107208251953125e+02
1.281022949218750000e+02
1.344789123535156250e+02
1.529065856933593750e+02
1.621763916015625000e+02
1.498134613037109375e+02
1.281718444824218750e+02
1.344627075195312500e+02
1.528235321044921875e+02
1.617703857421875000e+02
1.609255828857421875e+02
1.494107208251953125e+02
1.281022949218750000e+02
1.344400634765625000e+02
1.527177886962890625e+02
1.614183197021484375e+02
1.602689971923828125e+02
1.490633850097656250e+02
1.280157012939453125e+02
1.342751312255859375e+02
1.522859649658203125e+02
1.608332519531250000e+02
1.598029479980468750e+02
1.489305877685546875e+02
1.280334625244140625e+02
1.342810668945312500e+02
1.523143310546875000e+02
1.609392395019531250e+02
1.601502990722656250e+02
1.495677795410156250e+02
1.283083343505859375e+02
1.342851715087890625e+02
1.523345184326171875e+02
1.610224761962890625e+02
1.605530242919921875e+02
1.286560211181640625e+02
1.342810668945312500e+02
1.523143310546875000e+02
1.609392547607421875e+02
1.601502990722656250e+02
1.495677795410156250e+02
1.283083343505859375e+02
1.342751464843750000e+02
1.522859649658203125e+02
1.608332519531250000e+02
1.598029479980468750e+02
1.489305877685546875e+02
1.280334625244140625e+02
1.341004791259765625e+02
1.518083343505859375e+02
1.600883178710937500e+02
1.589125518798828125e+02
1.481907348632812500e+02
1.277386169433593750e+02
1.341017608642578125e+02
1.518144989013671875e+02
1.601119537353515625e+02
1.589991455078125000e+02
1.484656219482421875e+02
1.281283569335937500e+02
1.341026458740234375e+02
1.518187866210937500e+02
1.601288757324218750e+02
1.590686950683593750e+02
1.488133087158203125e+02
1.341017608642578125e+02
1.518144989013671875e+02
1.601119689941406250e+02
1.589991455078125000e+02
1.484656219482421875e+02
1.281283569335937500e+02
1.341004791259765625e+02
1.518083343505859375e+02
1.600883178710937500e+02
1.589125671386718750e+02
1.481907501220703125e+02
1.277386245727539062e+02
1.341419982910156250e+02
1.518473052978515625e+02
1.599958038330078125e+02
1.586211242675781250e+02
1.477700042724609375e+02
1.274733581542968750e+02
1.342306671142578125e+02
1.519807128906250000e+02
1.600845031738281250e+02
1.586675872802734375e+02
1.477915802001953125e+02
1.274803466796875000e+02
1.346373138427734375e+02
1.523495788574218750e+02
1.602608184814453125e+02
1.587502593994140625e+02
1.478290557861328125e+02
1.274924697875976562e+02
1.527933959960937500e+02
1.604211273193359375e+02
1.588265228271484375e+02
1.478647308349609375e+02
1.275041961669921875e+02
1.348301391601562500e+02
1.526379089355468750e+02
1.604607543945312500e+02
1.588618621826171875e+02
1.478835449218750000e+02
1.275106048583984375e+02
1.343337402343750000e+02
1.523216857910156250e+02
1.605966796875000000e+02
1.591740417480468750e+02
1.481550445556640625e+02
1.276291046142578125e+02
1.344671478271484375e+02
1.526042022705078125e+02
1.608453369140625000e+02
1.593201446533203125e+02
1.482250976562500000e+02
1.276519546508789062e+02
1.348360137939453125e+02
1.534731597900390625e+02
1.614323120117187500e+02
1.595975189208984375e+02
1.483487701416015625e+02
1.276916427612304688e+02
1.352798309326171875e+02
1.620749816894531250e+02
1.598522033691406250e+02
1.484642333984375000e+02
1.277294387817382812e+02
1.351243438720703125e+02
1.540928497314453125e+02
1.619874572753906250e+02
1.599381866455078125e+02
1.485205383300781250e+02
1.277494125366210938e+02
1.343863830566406250e+02
1.525008239746093750e+02
1.609176330566406250e+02
1.595483093261718750e+02
1.484508666992187500e+02
1.277554092407226562e+02
1.344750823974609375e+02
1.527494812011718750e+02
1.612575531005859375e+02
1.598205718994140625e+02
1.485982360839843750e+02
1.278050384521484375e+02
1.346513977050781250e+02
1.533364562988281250e+02
1.622275695800781250e+02
1.604485321044921875e+02
1.488778228759765625e+02
1.278932495117187500e+02
1.348116912841796875e+02
1.539791259765625000e+02
1.611304168701171875e+02
1.491346282958984375e+02
1.279747238159179688e+02
1.348513336181640625e+02
1.538916015625000000e+02
1.629879913330078125e+02
1.610638275146484375e+02
1.492217712402343750e+02
1.280127716064453125e+02
1.343335571289062500e+02
1.524000396728515625e+02
1.608701629638671875e+02
1.596121673583984375e+02
1.485663909912109375e+02
1.278188858032226562e+02
1.343800201416015625e+02
1.525461578369140625e+02
1.611424255371093750e+02
1.599533691406250000e+02
1.488182220458984375e+02
1.279141540527343750e+02
1.344626922607421875e+02
1.528235168457031250e+02
1.617703857421875000e+02
1.609255828857421875e+02
1.494107208251953125e+02
1.281022949218750000e+02
1.345389556884765625e+02
1.530782012939453125e+02
1.624522705078125000e+02
1.500586090087890625e+02
1.282733917236328125e+02
1.345742950439453125e+02
1.531641845703125000e+02
1.623856964111328125e+02
1.616892852783203125e+02
1.499737854003906250e+02
1.283176879882812500e+02
1.342220001220703125e+02
1.521206207275390625e+02
1.605122833251953125e+02
1.593059539794921875e+02
1.483979034423828125e+02
1.277686996459960938e+02
1.342435760498046875e+02
1.521906738281250000e+02
1.606596679687500000e+02
1.595578002929687500e+02
1.486869964599609375e+02
1.279141464233398438e+02
1.342810668945312500e+02
1.523143310546875000e+02
1.609392395019531250e+02
1.601502990722656250e+02
1.495677795410156250e+02
1.283083343505859375e+02
1.343167419433593750e+02
1.524298095703125000e+02
1.611960601806640625e+02
1.607981872558593750e+02
1.287753295898437500e+02
1.343355560302734375e+02
1.524860992431640625e+02
1.612832031250000000e+02
1.607133636474609375e+02
1.502029266357421875e+02
1.286232299804687500e+02
1.340826416015625000e+02
1.517519683837890625e+02
1.599741210937500000e+02
1.587157440185546875e+02
1.479259796142578125e+02
1.275655441284179688e+02
1.340896453857421875e+02
1.517748107910156250e+02
1.600237579345703125e+02
1.588110046386718750e+02
1.480714416503906250e+02
1.276700134277343750e+02
1.341017608642578125e+02
1.518144989013671875e+02
1.601119537353515625e+02
1.589991455078125000e+02
1.484656219482421875e+02
1.281283569335937500e+02
1.341134948730468750e+02
1.518522949218750000e+02
1.601934356689453125e+02
1.591702423095703125e+02
1.489326019287109375e+02
1.341198883056640625e+02
1.518722686767578125e+02
1.602314910888671875e+02
1.592145385742187500e+02
1.487805023193359375e+02
1.283551330566406250e+02
1.340986328125000000e+02
1.517625274658203125e+02
1.599187927246093750e+02
1.585700531005859375e+02
1.477426605224609375e+02
1.274638824462890625e+02
1.341419982910156250e+02
1.518473052978515625e+02
1.599958038330078125e+02
1.586211242675781250e+02
1.477700042724609375e+02
1.274733581542968750e+02
1.342878570556640625e+02
1.520883483886718750e+02
1.601780090332031250e+02
1.587276153564453125e+02
1.478231353759765625e+02
1.274911880493164062e+02
1.348301391601562500e+02
1.526379089355468750e+02
1.604607543945312500e+02
1.588618621826171875e+02
1.478835449218750000e+02
1.275106048583984375e+02
1.534096069335937500e+02
1.607010498046875000e+02
1.589545135498046875e+02
1.479215698242187500e+02
1.275223770141601562e+02
1.342489471435546875e+02
1.521345062255859375e+02
1.604006805419921875e+02
1.590300445556640625e+02
1.480733337402343750e+02
1.276000518798828125e+02
1.343337402343750000e+02
1.523216857910156250e+02
1.605966796875000000e+02
1.591740417480468750e+02
1.481550445556640625e+02
1.276291122436523438e+02
1.345747833251953125e+02
1.528397521972656250e+02
1.610859680175781250e+02
1.594917755126953125e+02
1.483203887939453125e+02
1.276854705810546875e+02
1.351243286132812500e+02
1.540928497314453125e+02
1.619874420166015625e+02
1.599381866455078125e+02
1.485205230712890625e+02
1.277494125366210938e+02
1.358960418701171875e+02
1.630340270996093750e+02
1.602873382568359375e+02
1.486541442871093750e+02
1.277895965576171875e+02
1.343093719482421875e+02
1.523048248291015625e+02
1.606634521484375000e+02
1.593216705322265625e+02
1.483051452636718750e+02
1.277004318237304688e+02
1.343863830566406250e+02
1.525008239746093750e+02
1.609176330566406250e+02
1.595483093261718750e+02
1.484508666992187500e+02
1.277554092407226562e+02
1.345685729980468750e+02
1.529901123046875000e+02
1.615712280273437500e+02
1.600964508056640625e+02
1.487718353271484375e+02
1.278696060180664062e+02
1.348513336181640625e+02
1.538915863037109375e+02
1.629879913330078125e+02
1.610638275146484375e+02
1.492217712402343750e+02
1.280127716064453125e+02
1.350916290283203125e+02
1.549381713867187500e+02
1.621513519287109375e+02
1.495730743408203125e+02
1.281111450195312500e+02
1.342825012207031250e+02
1.522560424804687500e+02
1.606435241699218750e+02
1.593562774658203125e+02
1.483664855957031250e+02
1.277350845336914062e+02
1.343335571289062500e+02
1.524000396728515625e+02
1.608701629638671875e+02
1.596121673583984375e+02
1.485663909912109375e+02
1.278188934326171875e+02
1.344400634765625000e+02
1.527177734375000000e+02
1.614183197021484375e+02
1.602689971923828125e+02
1.490633850097656250e+02
1.280157012939453125e+02
1.345742950439453125e+02
1.531641845703125000e+02
1.623856964111328125e+02
1.616892852783203125e+02
1.499737854003906250e+02
1.283176879882812500e+02
1.346669616699218750e+02
1.535133361816406250e+02
1.634732208251953125e+02
1.510260772705078125e+02
1.285717773437500000e+02
1.341946563720703125e+02
1.520389099121093750e+02
1.603665771484375000e+02
1.591060485839843750e+02
1.482039337158203125e+02
1.276744384765625000e+02
1.342220153808593750e+02
1.521206207275390625e+02
1.605122833251953125e+02
1.593059539794921875e+02
1.483979034423828125e+02
1.277686996459960938e+02
1.342751464843750000e+02
1.522859649658203125e+02
1.608332519531250000e+02
1.598029479980468750e+02
1.489305877685546875e+02
1.280334625244140625e+02
1.343355560302734375e+02
1.524860992431640625e+02
1.612832031250000000e+02
1.607133636474609375e+02
1.502029266357421875e+02
1.286232299804687500e+02
1.343735809326171875e+02
1.526197204589843750e+02
1.616344909667968750e+02
1.617656402587890625e+02
1.294320526123046875e+02
1.340731658935546875e+02
1.517229156494140625e+02
1.599191436767578125e+02
1.586319427490234375e+02
1.478317260742187500e+02
1.275133743286132812e+02
1.340826416015625000e+02
1.517519683837890625e+02
1.599741210937500000e+02
1.587157440185546875e+02
1.479259796142578125e+02
1.275655441284179688e+02
1.341004791259765625e+02
1.518083343505859375e+02
1.600883178710937500e+02
1.589125518798828125e+02
1.481907501220703125e+02
1.277386169433593750e+02
1.341198883056640625e+02
1.518722686767578125e+02
1.602314910888671875e+02
1.592145385742187500e+02
1.487805023193359375e+02
1.283551330566406250e+02
1.341316680908203125e+02
1.519124603271484375e+02
1.603298645019531250e+02
1.594686279296875000e+02
1.495893249511718750e+02
