1.260952453613281250e+02
1.249446792602539062e+02
1.205724258422851562e+02
1.165601119995117188e+02
1.124759521484375000e+02
1.218245773315429688e+02
1.235986251831054688e+02
1.232666854858398438e+02
1.203501815795898438e+02
1.167489089965820312e+02
1.125262832641601562e+02
1.211478652954101562e+02
1.227710800170898438e+02
1.228646316528320312e+02
1.207158279418945312e+02
1.171030654907226562e+02
1.122870330810546875e+02
1.209574813842773438e+02
1.224496994018554688e+02
1.234900665283203125e+02
1.219871444702148438e+02
1.177743682861328125e+02
1.122309646606445312e+02
1.206513748168945312e+02
1.222737274169921875e+02
1.248192367553710938e+02
1.251332397460937500e+02
1.200778427124023438e+02
1.131282958984375000e+02
1.239279479980468750e+02
1.257182235717773438e+02
1.207925720214843750e+02
1.166502914428710938e+02
1.125035552978515625e+02
1.218538589477539062e+02
1.239186172485351562e+02
1.235725021362304688e+02
1.205133819580078125e+02
1.168335800170898438e+02
1.125530929565429688e+02
1.211893539428710938e+02
1.229066696166992188e+02
1.230321807861328125e+02
1.208438339233398438e+02
1.171779251098632812e+02
1.123078613281250000e+02
1.209803466796875000e+02
1.225168991088867188e+02
1.235976715087890625e+02
1.220899963378906250e+02
1.178350753784179688e+02
1.122459259033203125e+02
1.206619873046875000e+02
1.223106536865234375e+02
1.248901367187500000e+02
1.252117309570312500e+02
1.201260910034179688e+02
1.131408157348632812e+02
1.234617385864257812e+02
1.264025802612304688e+02
1.213095321655273438e+02
1.168129196166992188e+02
1.125491333007812500e+02
1.217645645141601562e+02
1.237887191772460938e+02
1.237723846435546875e+02
1.207308425903320312e+02
1.169538650512695312e+02
1.125914535522460938e+02
1.211743850708007812e+02
1.229005661010742188e+02
1.231017684936523438e+02
1.209555206298828125e+02
1.172592697143554688e+02
1.123325347900390625e+02
1.209797363281250000e+02
1.225252914428710938e+02
1.236420593261718750e+02
1.221640930175781250e+02
1.178905105590820312e+02
1.122611083984375000e+02
1.206631851196289062e+02
1.223183670043945312e+02
1.249183273315429688e+02
1.252615432739257812e+02
1.201645736694335938e+02
1.131519470214843750e+02
1.232859573364257812e+02
1.256734085083007812e+02
1.255060119628906250e+02
1.171315155029296875e+02
1.126267013549804688e+02
1.216900024414062500e+02
1.235572738647460938e+02
1.235160522460937500e+02
1.208443832397460938e+02
1.170969772338867188e+02
1.126415405273437500e+02
1.211411437988281250e+02
1.228081207275390625e+02
1.230235977172851562e+02
1.209732894897460938e+02
1.173115768432617188e+02
1.123541183471679688e+02
1.209650268554687500e+02
1.224870834350585938e+02
1.236031951904296875e+02
1.221644973754882812e+02
1.179119033813476562e+02
1.122700195312500000e+02
1.206572265625000000e+02
1.223000488281250000e+02
1.248944244384765625e+02
1.252561874389648438e+02
1.201729125976562500e+02
1.131562194824218750e+02
1.232339401245117188e+02
1.254914169311523438e+02
1.249696884155273438e+02
1.210918121337890625e+02
1.127296218872070312e+02
1.216578369140625000e+02
1.234530334472656250e+02
1.233123550415039062e+02
1.206213455200195312e+02
1.170856475830078125e+02
1.126676559448242188e+02
1.211211013793945312e+02
1.227417373657226562e+02
1.229152297973632812e+02
1.208684539794921875e+02
1.172644271850585938e+02
1.123490753173828125e+02
1.209530715942382812e+02
1.224498367309570312e+02
1.235339736938476562e+02
1.220901947021484375e+02
1.178705749511718750e+02
1.122617034912109375e+02
1.206513290405273438e+02
1.222786026000976562e+02
1.248495330810546875e+02
1.252025527954101562e+02
1.201400222778320312e+02
1.131481552124023438e+02
1.232044830322265625e+02
1.253993835449218750e+02
1.247606048583984375e+02
1.206417007446289062e+02
1.167843246459960938e+02
1.216358489990234375e+02
1.233826141357421875e+02
1.231711196899414062e+02
1.203815231323242188e+02
1.168535308837890625e+02
1.126196594238281250e+02
1.211053466796875000e+02
1.226870574951171875e+02
1.228103790283203125e+02
1.207224426269531250e+02
1.171420593261718750e+02
1.123107757568359375e+02
1.209424591064453125e+02
1.224148483276367188e+02
1.234578704833984375e+02
1.219846420288085938e+02
1.177901153564453125e+02
1.122389526367187500e+02
1.206456985473632812e+02
1.222569427490234375e+02
1.247980041503906250e+02
1.251270523071289062e+02
1.200835952758789062e+02
1.131317443847656250e+02
1.233901901245117188e+02
1.255867767333984375e+02
1.248131256103515625e+02
1.205420913696289062e+02
1.165496215820312500e+02
1.124729385375976562e+02
1.235714492797851562e+02
1.232328338623046875e+02
1.203335189819335938e+02
1.167405624389648438e+02
1.125236740112304688e+02
1.211884155273437500e+02
1.227926788330078125e+02
1.228612136840820312e+02
1.207077255249023438e+02
1.170973587036132812e+02
1.122853317260742188e+02
1.209652938842773438e+02
1.224605560302734375e+02
1.234929046630859375e+02
1.219835739135742188e+02
1.177708663940429688e+02
1.122299652099609375e+02
1.206535644531250000e+02
1.222788619995117188e+02
1.248230819702148438e+02
1.251324996948242188e+02
1.200759658813476562e+02
1.131276550292968750e+02
1.234405441284179688e+02
1.259278411865234375e+02
1.251135864257812500e+02
1.206856689453125000e+02
1.166211242675781250e+02
1.124960021972656250e+02
1.218477554321289062e+02
1.235421524047851562e+02
1.204813537597656250e+02
1.168166961669921875e+02
1.125477905273437500e+02
1.212162170410156250e+02
1.229909439086914062e+02
1.230748596191406250e+02
1.208457489013671875e+02
1.171727371215820312e+02
1.123056793212890625e+02
1.209928817749023438e+02
1.225486373901367188e+02
1.236283035278320312e+02
1.221008987426757812e+02
1.178357925415039062e+02
1.122454376220703125e+02
1.206670150756835938e+02
1.223260040283203125e+02
1.249113464355468750e+02
1.252242813110351562e+02
1.201295700073242188e+02
1.131411514282226562e+02
1.233532180786132812e+02
1.258263473510742188e+02
1.253418655395507812e+02
1.208890533447265625e+02
1.167250595092773438e+02
1.125291213989257812e+02
1.217537460327148438e+02
1.237867660522460938e+02
1.207153930664062500e+02
1.169250717163085938e+02
1.125813980102539062e+02
1.211846466064453125e+02
1.229581222534179688e+02
1.232252273559570312e+02
1.210111770629882812e+02
1.172690124511718750e+02
1.123321228027343750e+02
1.209892578125000000e+02
1.225586318969726562e+02
1.237037658691406250e+02
1.222125625610351562e+02
1.179089508056640625e+02
1.122638931274414062e+02
1.206682205200195312e+02
1.223369979858398438e+02
1.249556045532226562e+02
1.252984924316406250e+02
1.201828536987304688e+02
1.131557540893554688e+02
1.232744064331054688e+02
1.256049118041992188e+02
1.251380081176757812e+02
1.210550842285156250e+02
1.168717422485351562e+02
1.125772171020507812e+02
1.216921310424804688e+02
1.235636596679687500e+02
1.235530853271484375e+02
1.170939788818359375e+02
1.126291351318359375e+02
1.211469802856445312e+02
1.228335723876953125e+02
1.230992889404296875e+02
1.211016159057617188e+02
1.173724899291992188e+02
1.123633651733398438e+02
1.209706802368164062e+02
1.225080947875976562e+02
1.236582031250000000e+02
1.222435226440429688e+02
1.179614257812500000e+02
1.122806930541992188e+02
1.206606140136718750e+02
1.223139572143554688e+02
1.249304809570312500e+02
1.253095092773437500e+02
1.202095413208007812e+02
1.131657257080078125e+02
1.232342834472656250e+02
1.254862518310546875e+02
1.249221801757812500e+02
1.208688125610351562e+02
1.168971862792968750e+02
1.126103668212890625e+02
1.216603088378906250e+02
1.234601440429687500e+02
1.233239059448242188e+02
1.206551208496093750e+02
1.126814498901367188e+02
1.211240386962890625e+02
1.227530212402343750e+02
1.229444732666015625e+02
1.209355468750000000e+02
1.173585891723632812e+02
1.123788833618164062e+02
1.209557495117187500e+02
1.224596633911132812e+02
1.235614852905273438e+02
1.221423187255859375e+02
1.179217758178710938e+02
1.122779846191406250e+02
1.206529769897460938e+02
1.222855834960937500e+02
1.248696670532226562e+02
1.252398986816406250e+02
1.201729202270507812e+02
1.131586914062500000e+02
1.232046737670898438e+02
1.253987884521484375e+02
1.247527847290039062e+02
1.206063919067382812e+02
1.166722183227539062e+02
1.125695114135742188e+02
1.216364364624023438e+02
1.233842544555664062e+02
1.231732482910156250e+02
1.203832855224609375e+02
1.168744659423828125e+02
1.211060333251953125e+02
1.226896286010742188e+02
1.228168563842773438e+02
1.207377548217773438e+02
1.171769714355468750e+02
1.123506317138671875e+02
1.209431076049804688e+02
1.224172439575195312e+02
1.234648971557617188e+02
1.220000152587890625e+02
1.178116455078125000e+02
1.122502059936523438e+02
1.206461105346679688e+02
1.222587432861328125e+02
1.248036346435546875e+02
1.251393966674804688e+02
1.200971069335937500e+02
1.131371841430664062e+02
1.232412261962890625e+02
1.254500274658203125e+02
1.247506866455078125e+02
1.205209808349609375e+02
1.165406417846679688e+02
1.124701843261718750e+02
1.217161636352539062e+02
1.234676589965820312e+02
1.231914749145507812e+02
1.203161163330078125e+02
1.167320327758789062e+02
1.125210113525390625e+02
1.227945480346679688e+02
1.228449325561523438e+02
1.206954345703125000e+02
1.170902252197265625e+02
1.122833480834960938e+02
1.209935760498046875e+02
1.224832000732421875e+02
1.234942016601562500e+02
1.219769668579101562e+02
1.177658996582031250e+02
1.122286682128906250e+02
1.206598892211914062e+02
1.222914352416992188e+02
1.248305130004882812e+02
1.251311645507812500e+02
1.200731277465820312e+02
1.131267395019531250e+02
1.233022079467773438e+02
1.256050949096679688e+02
1.249146347045898438e+02
1.206257095336914062e+02
1.165990371704101562e+02
1.124896469116210938e+02
1.217581863403320312e+02
1.236801452636718750e+02
1.234027099609375000e+02
1.204404678344726562e+02
1.167987747192382812e+02
1.125423660278320312e+02
1.212323074340820312e+02
1.230873107910156250e+02
1.208326187133789062e+02
1.171624984741210938e+02
1.123025436401367188e+02
1.210193405151367188e+02
1.226275100708007812e+02
1.236784820556640625e+02
1.221083908081054688e+02
1.178329620361328125e+02
1.122441406250000000e+02
1.206784439086914062e+02
1.223603897094726562e+02
1.249521484375000000e+02
1.252418212890625000e+02
1.201323089599609375e+02
1.131410140991210938e+02
1.232989120483398438e+02
1.256337738037109375e+02
1.250189971923828125e+02
1.207443542480468750e+02
1.166756820678710938e+02
1.125161285400390625e+02
1.217298812866210938e+02
1.236672210693359375e+02
1.235729751586914062e+02
1.206093444824218750e+02
1.168933868408203125e+02
1.125727539062500000e+02
1.211858520507812500e+02
1.229904708862304688e+02
1.210559692382812500e+02
1.172718734741210938e+02
1.123309631347656250e+02
1.210006866455078125e+02
1.226126632690429688e+02
1.238457412719726562e+02
1.222974777221679688e+02
1.179325942993164062e+02
1.122670440673828125e+02
1.206761398315429688e+02
1.223702468872070312e+02
1.250304183959960938e+02
1.253675308227539062e+02
1.202122268676757812e+02
1.131612396240234375e+02
1.232644500732421875e+02
1.255597610473632812e+02
1.249870910644531250e+02
1.208083801269531250e+02
1.167432556152343750e+02
1.125425415039062500e+02
1.216907348632812500e+02
1.235524520874023438e+02
1.234732666015625000e+02
1.207260131835937500e+02
1.169988098144531250e+02
1.126079940795898438e+02
1.211506958007812500e+02
1.228501205444335938e+02
1.231703186035156250e+02
1.174296646118164062e+02
1.123682937622070312e+02
1.209768600463867188e+02
1.225341796875000000e+02
1.237536468505859375e+02
1.224265747070312500e+02
1.180536956787109375e+02
1.122960968017578125e+02
1.206651229858398438e+02
1.223347702026367188e+02
1.249958801269531250e+02
1.254198150634765625e+02
1.202823715209960938e+02
1.131828308105468750e+02
1.232321319580078125e+02
1.254742889404296875e+02
1.248712768554687500e+02
1.207271118164062500e+02
1.167196655273437500e+02
1.125425949096679688e+02
1.216608123779296875e+02
1.234598846435546875e+02
1.233115463256835938e+02
1.205773239135742188e+02
1.170022888183593750e+02
1.126276550292968750e+02
1.211259307861328125e+02
1.227604446411132812e+02
1.229666595458984375e+02
1.210101013183593750e+02
1.124164352416992188e+02
1.209583511352539062e+02
1.224701385498046875e+02
1.235987319946289062e+02
1.222471237182617188e+02
1.180743865966796875e+02
1.123210144042968750e+02
1.206548995971679688e+02
1.222947311401367188e+02
1.249025955200195312e+02
1.253212356567382812e+02
1.202590255737304688e+02
1.131875305175781250e+02
1.232021789550781250e+02
1.253903121948242188e+02
1.247306213378906250e+02
1.205557327270507812e+02
1.165903930664062500e+02
1.124973907470703125e+02
1.216348571777343750e+02
1.233788986206054688e+02
1.231607360839843750e+02
1.203542861938476562e+02
1.168086624145507812e+02
1.125873947143554688e+02
1.211051330566406250e+02
1.226865692138671875e+02
1.228118286132812500e+02
1.207348098754882812e+02
1.172025146484375000e+02
1.209427261352539062e+02
1.224162902832031250e+02
1.234652404785156250e+02
1.220110397338867188e+02
1.178543930053710938e+02
1.122983779907226562e+02
1.206460113525390625e+02
1.222587356567382812e+02
1.248062896728515625e+02
1.251544570922851562e+02
1.201256713867187500e+02
1.131540603637695312e+02
1.232113418579101562e+02
1.254015121459960938e+02
1.247165451049804688e+02
1.205053634643554688e+02
1.165331039428710938e+02
1.124677886962890625e+02
1.216535339355468750e+02
1.234048233032226562e+02
1.231565856933593750e+02
1.203003158569335938e+02
1.167242431640625000e+02
1.125185852050781250e+02
1.211540756225585938e+02
1.227420730590820312e+02
1.228202590942382812e+02
1.206820983886718750e+02
1.170831451416015625e+02
1.122814407348632812e+02
1.225210723876953125e+02
1.234965286254882812e+02
1.219703750610351562e+02
1.177610473632812500e+02
1.122274169921875000e+02
1.206961212158203125e+02
1.223412322998046875e+02
1.248560104370117188e+02
1.251346511840820312e+02
1.200712509155273438e+02
1.131259613037109375e+02
1.232437973022460938e+02
1.254783020019531250e+02
1.248023300170898438e+02
1.205676498413085938e+02
1.165701065063476562e+02
1.124804153442382812e+02
1.216890335083007812e+02
1.235008163452148438e+02
1.232661895751953125e+02
1.203779602050781250e+02
1.167683944702148438e+02
1.125329589843750000e+02
1.211839294433593750e+02
1.228904876708984375e+02
1.229724807739257812e+02
1.207796478271484375e+02
1.171351699829101562e+02
1.122952423095703125e+02
1.210613021850585938e+02
1.237283935546875000e+02
1.220898971557617188e+02
1.178158187866210938e+02
1.122395706176757812e+02
1.207161636352539062e+02
1.224908905029296875e+02
1.250672531127929688e+02
1.252671356201171875e+02
1.201285858154296875e+02
1.131385803222656250e+02
1.232637023925781250e+02
1.255386123657226562e+02
1.248986434936523438e+02
1.206633071899414062e+02
1.166337814331054688e+02
1.125029754638671875e+02
1.217009277343750000e+02
1.235600204467773438e+02
1.233908691406250000e+02
1.205076141357421875e+02
1.168497543334960938e+02
1.125601501464843750e+02
1.211744766235351562e+02
1.229209976196289062e+02
1.231850891113281250e+02
1.209786529541015625e+02
1.172433013916015625e+02
1.123237304687500000e+02
1.210163116455078125e+02
1.227079315185546875e+02
1.224155654907226562e+02
1.179444122314453125e+02
1.122668228149414062e+02
1.206957702636718750e+02
1.224782485961914062e+02
1.253534164428710938e+02
1.255779724121093750e+02
1.202675704956054688e+02
1.131684417724609375e+02
1.232534332275390625e+02
1.255235900878906250e+02
1.249133224487304688e+02
1.207172546386718750e+02
1.166826553344726562e+02
1.125223999023437500e+02
1.216842422485351562e+02
1.235252609252929688e+02
1.233923110961914062e+02
1.205855865478515625e+02
1.169232330322265625e+02
1.125879135131835938e+02
1.211498870849609375e+02
1.228435516357421875e+02
1.231294860839843750e+02
1.211442337036132812e+02
1.173843383789062500e+02
1.123621826171875000e+02
1.209828033447265625e+02
1.225620880126953125e+02
1.239082183837890625e+02
1.182048645019531250e+02
1.123137283325195312e+02
1.206719284057617188e+02
1.223739242553710938e+02
1.251832733154296875e+02
1.258708038330078125e+02
1.205137252807617188e+02
1.132230682373046875e+02
1.232259368896484375e+02
1.254539489746093750e+02
1.248250198364257812e+02
1.206499404907226562e+02
1.166483154296875000e+02
1.125131530761718750e+02
1.216568222045898438e+02
1.234454421997070312e+02
1.232739868164062500e+02
1.204887695312500000e+02
1.168879776000976562e+02
1.125848312377929688e+02
1.211241073608398438e+02
1.227534103393554688e+02
1.229498825073242188e+02
1.209566421508789062e+02
1.173968963623046875e+02
1.123908157348632812e+02
1.209587554931640625e+02
1.224732894897460938e+02
1.236223449707031250e+02
1.223901443481445312e+02
1.124028625488281250e+02
1.206560897827148438e+02
1.223029479980468750e+02
1.249540481567382812e+02
1.255588912963867188e+02
1.206379776000976562e+02
1.132982559204101562e+02
1.231993484497070312e+02
1.253816146850585938e+02
1.247124328613281250e+02
1.205248641967773438e+02
1.165562515258789062e+02
1.124787979125976562e+02
1.216327285766601562e+02
1.233718948364257812e+02
1.231457366943359375e+02
1.203248443603515625e+02
1.167609939575195312e+02
1.125401992797851562e+02
1.211036834716796875e+02
1.226813964843750000e+02
1.228011398315429688e+02
1.207158432006835938e+02
1.171603317260742188e+02
1.123516082763671875e+02
1.209419326782226562e+02
1.224138488769531250e+02
1.234615631103515625e+02
1.220158233642578125e+02
1.179196701049804688e+02
1.206457138061523438e+02
1.222580718994140625e+02
1.248093109130859375e+02
1.251873397827148438e+02
1.202273712158203125e+02
1.132570724487304688e+02
1.231995162963867188e+02
1.253774337768554688e+02
1.246942672729492188e+02
1.204918365478515625e+02
1.165256423950195312e+02
1.124653091430664062e+02
1.216360931396484375e+02
1.233732299804687500e+02
1.231298217773437500e+02
1.202845230102539062e+02
1.167157516479492188e+02
1.125158691406250000e+02
1.211146697998046875e+02
1.226954574584960938e+02
1.227899932861328125e+02
1.206646423339843750e+02
1.170739746093750000e+02
1.122790069580078125e+02
1.209904022216796875e+02
1.224702072143554688e+02
1.234702682495117188e+02
1.219537811279296875e+02
1.177526626586914062e+02
1.122254791259765625e+02
1.223790359497070312e+02
1.248532714843750000e+02
1.251235046386718750e+02
1.200643310546875000e+02
1.131242370605468750e+02
1.232190856933593750e+02
1.254233169555664062e+02
1.247466735839843750e+02
1.205318756103515625e+02
1.165501327514648438e+02
1.124737701416015625e+02
1.216586074829101562e+02
1.234294433593750000e+02
1.231958236694335938e+02
1.203350906372070312e+02
1.167455825805664062e+02
1.125257186889648438e+02
1.211434326171875000e+02
1.227746276855468750e+02
1.228813247680664062e+02
1.207314987182617188e+02
1.171110229492187500e+02
1.122889480590820312e+02
1.210327301025390625e+02
1.226421508789062500e+02
1.236499710083007812e+02
1.220530014038085938e+02
1.177967376708984375e+02
1.122350540161132812e+02
1.207762527465820312e+02
1.252576522827148438e+02
1.252890396118164062e+02
1.201216964721679688e+02
1.131356658935546875e+02
1.232401428222656250e+02
1.254783477783203125e+02
1.248221740722656250e+02
1.206017990112304688e+02
1.165966110229492188e+02
1.124903717041015625e+02
1.216783676147460938e+02
1.234903335571289062e+02
1.232899780273437500e+02
1.204271545410156250e+02
1.168052062988281250e+02
1.125461578369140625e+02
1.211580505371093750e+02
1.228419265747070312e+02
1.230170364379882812e+02
1.208681564331054688e+02
1.171944351196289062e+02
1.123120498657226562e+02
1.210230484008789062e+02
1.226940612792968750e+02
1.240006866455078125e+02
1.223378906250000000e+02
1.179233779907226562e+02
1.122618408203125000e+02
1.207260360717773438e+02
1.227331924438476562e+02
1.261144180297851562e+02
1.203506317138671875e+02
1.131759109497070312e+02
1.232405471801757812e+02
1.254863357543945312e+02
1.248517913818359375e+02
1.206499557495117188e+02
1.166360244750976562e+02
1.125058212280273438e+02
1.216741867065429688e+02
1.234896621704101562e+02
1.233192596435546875e+02
1.204925842285156250e+02
1.168618316650390625e+02
1.125683135986328125e+02
1.211451034545898438e+02
1.228180007934570312e+02
1.230405502319335938e+02
1.209784927368164062e+02
1.172994766235351562e+02
1.123466110229492188e+02
1.209880905151367188e+02
1.225803451538085938e+02
1.239116363525390625e+02
1.227118225097656250e+02
1.182146224975585938e+02
1.123262634277343750e+02
1.206826629638671875e+02
1.224509735107421875e+02
1.258008193969726562e+02
1.213631896972656250e+02
1.133257751464843750e+02
1.232198104858398438e+02
1.254353561401367188e+02
1.247894744873046875e+02
1.206013412475585938e+02
1.166081542968750000e+02
1.124970245361328125e+02
1.216523056030273438e+02
1.234296112060546875e+02
1.232382812500000000e+02
1.204272689819335938e+02
1.168295135498046875e+02
1.125606842041015625e+02
1.211217193603515625e+02
1.227431411743164062e+02
1.229198989868164062e+02
1.208757095336914062e+02
1.172719192504882812e+02
1.123524856567382812e+02
1.209593505859375000e+02
1.224764480590820312e+02
1.236358947753906250e+02
1.223893966674804688e+02
1.183283691406250000e+02
1.124009552001953125e+02
1.206581497192382812e+02
1.223182907104492188e+02
1.250716934204101562e+02
1.263978500366210938e+02
1.137098236083984375e+02
1.231982192993164062e+02
1.253780364990234375e+02
1.247048110961914062e+02
1.205126037597656250e+02
1.165442428588867188e+02
1.124731292724609375e+02
1.216319503784179688e+02
1.233691406250000000e+02
1.231391296386718750e+02
1.203114089965820312e+02
1.167432403564453125e+02
1.125287094116210938e+02
1.211032943725585938e+02
1.226798095703125000e+02
1.227968750000000000e+02
1.207041168212890625e+02
1.171283798217773438e+02
1.123088302612304688e+02
1.209420166015625000e+02
1.224143981933593750e+02
1.234647216796875000e+02
1.220266952514648438e+02
1.179166030883789062e+02
1.123586120605468750e+02
1.206460113525390625e+02
1.222602233886718750e+02
1.248249206542968750e+02
1.252883911132812500e+02
1.206377792358398438e+02
