1.261245346069335938e+02
1.249653778076171875e+02
1.205824813842773438e+02
1.165696487426757812e+02
1.124857635498046875e+02
1.218269805908203125e+02
1.236270751953125000e+02
1.232575073242187500e+02
1.203452758789062500e+02
1.167693252563476562e+02
1.125472793579101562e+02
1.211448974609375000e+02
1.227870941162109375e+02
1.228624343872070312e+02
1.207351226806640625e+02
1.171212997436523438e+02
1.123066635131835938e+02
1.209982528686523438e+02
1.224884414672851562e+02
1.235039749145507812e+02
1.220083618164062500e+02
1.177907028198242188e+02
1.122590484619140625e+02
1.206673812866210938e+02
1.223262252807617188e+02
1.248577804565429688e+02
1.251563262939453125e+02
1.200989456176757812e+02
1.131372756958007812e+02
1.239290695190429688e+02
1.257392120361328125e+02
1.208015594482421875e+02
1.166591339111328125e+02
1.125132751464843750e+02
1.218563461303710938e+02
1.239478759765625000e+02
1.235603637695312500e+02
1.205069122314453125e+02
1.168536529541015625e+02
1.125741882324218750e+02
1.211852340698242188e+02
1.229200592041015625e+02
1.230270080566406250e+02
1.208621673583984375e+02
1.171958465576171875e+02
1.123275527954101562e+02
1.210214309692382812e+02
1.225552978515625000e+02
1.236110000610351562e+02
1.221108016967773438e+02
1.178510818481445312e+02
1.122741165161132812e+02
1.206780014038085938e+02
1.223631820678710938e+02
1.249284820556640625e+02
1.252340393066406250e+02
1.201468887329101562e+02
1.131497573852539062e+02
1.234549484252929688e+02
1.264242477416992188e+02
1.213281402587890625e+02
1.168242950439453125e+02
1.125598220825195312e+02
1.217635879516601562e+02
1.238121643066406250e+02
1.237699966430664062e+02
1.207296524047851562e+02
1.169771881103515625e+02
1.126138839721679688e+02
1.211700439453125000e+02
1.229151077270507812e+02
1.231012191772460938e+02
1.209783477783203125e+02
1.172802581787109375e+02
1.123532180786132812e+02
1.210210800170898438e+02
1.225650024414062500e+02
1.236587600708007812e+02
1.221884613037109375e+02
1.179088211059570312e+02
1.122900695800781250e+02
1.206794052124023438e+02
1.223718566894531250e+02
1.249588012695312500e+02
1.252860031127929688e+02
1.201870269775390625e+02
1.131613693237304688e+02
1.232782211303710938e+02
1.256927642822265625e+02
1.255343170166015625e+02
1.171365051269531250e+02
1.126358032226562500e+02
1.216893386840820312e+02
1.235804901123046875e+02
1.235136184692382812e+02
1.208385162353515625e+02
1.171173858642578125e+02
1.126634368896484375e+02
1.211377563476562500e+02
1.228249816894531250e+02
1.230255737304687500e+02
1.209952163696289062e+02
1.173317947387695312e+02
1.123745498657226562e+02
1.210062942504882812e+02
1.225274124145507812e+02
1.236206359863281250e+02
1.221884307861328125e+02
1.179298782348632812e+02
1.122989425659179688e+02
1.206735076904296875e+02
1.223537826538085938e+02
1.249352264404296875e+02
1.252804260253906250e+02
1.201951446533203125e+02
1.131655578613281250e+02
1.232261581420898438e+02
1.255111083984375000e+02
1.249912338256835938e+02
1.210972747802734375e+02
1.127376480102539062e+02
1.216575012207031250e+02
1.234763641357421875e+02
1.233072814941406250e+02
1.206162033081054688e+02
1.171060028076171875e+02
1.126894836425781250e+02
1.211180572509765625e+02
1.227587738037109375e+02
1.229165267944335938e+02
1.208895034790039062e+02
1.172843399047851562e+02
1.123693084716796875e+02
1.209939422607421875e+02
1.224895553588867188e+02
1.235502243041992188e+02
1.221131134033203125e+02
1.178882064819335938e+02
1.122904510498046875e+02
1.206674804687500000e+02
1.223318405151367188e+02
1.248895034790039062e+02
1.252264022827148438e+02
1.201619415283203125e+02
1.131573944091796875e+02
1.231967544555664062e+02
1.254197311401367188e+02
1.247812423706054688e+02
1.206510467529296875e+02
1.167921218872070312e+02
1.216357498168945312e+02
1.234059753417968750e+02
1.231639251708984375e+02
1.203772125244140625e+02
1.168740386962890625e+02
1.126409835815429688e+02
1.211024551391601562e+02
1.227036819458007812e+02
1.228101654052734375e+02
1.207425003051757812e+02
1.171609344482421875e+02
1.123305358886718750e+02
1.209828567504882812e+02
1.224536666870117188e+02
1.234724807739257812e+02
1.220063476562500000e+02
1.178069534301757812e+02
1.122672271728515625e+02
1.206616744995117188e+02
1.223094787597656250e+02
1.248368453979492188e+02
1.251504516601562500e+02
1.201049880981445312e+02
1.131408004760742188e+02
1.233848724365234375e+02
1.256097030639648438e+02
1.248319091796875000e+02
1.205514755249023438e+02
1.165588684082031250e+02
1.124826431274414062e+02
1.235966033935546875e+02
1.232221908569335938e+02
1.203279800415039062e+02
1.167605972290039062e+02
1.125445251464843750e+02
1.211850357055664062e+02
1.228077392578125000e+02
1.228580245971679688e+02
1.207263641357421875e+02
1.171152038574218750e+02
1.123048477172851562e+02
1.210061264038085938e+02
1.224989395141601562e+02
1.235060958862304688e+02
1.220042037963867188e+02
1.177868728637695312e+02
1.122579574584960938e+02
1.206695251464843750e+02
1.223311538696289062e+02
1.248611831665039062e+02
1.251551895141601562e+02
1.200968017578125000e+02
1.131365661621093750e+02
1.234380569458007812e+02
1.259543228149414062e+02
1.251335830688476562e+02
1.206957244873046875e+02
1.166308288574218750e+02
1.125059661865234375e+02
1.218496932983398438e+02
1.235322570800781250e+02
1.204762191772460938e+02
1.168374328613281250e+02
1.125690460205078125e+02
1.212124633789062500e+02
1.230068130493164062e+02
1.230711669921875000e+02
1.208652420043945312e+02
1.171912155151367188e+02
1.123255157470703125e+02
1.210346908569335938e+02
1.225882720947265625e+02
1.236429672241210938e+02
1.221228408813476562e+02
1.178523178100585938e+02
1.122737426757812500e+02
1.206832504272460938e+02
1.223791961669921875e+02
1.249507064819335938e+02
1.252475433349609375e+02
1.201508712768554688e+02
1.131502075195312500e+02
1.233449096679687500e+02
1.258432312011718750e+02
1.253678283691406250e+02
1.209052734375000000e+02
1.167381668090820312e+02
1.125403366088867188e+02
1.217517089843750000e+02
1.238086776733398438e+02
1.207169113159179688e+02
1.169497680664062500e+02
1.126041564941406250e+02
1.211801223754882812e+02
1.229734573364257812e+02
1.232268295288085938e+02
1.210363464355468750e+02
1.172910995483398438e+02
1.123531341552734375e+02
1.210310897827148438e+02
1.225994491577148438e+02
1.237226562500000000e+02
1.222391204833984375e+02
1.179282531738281250e+02
1.122931213378906250e+02
1.206846389770507812e+02
1.223912506103515625e+02
1.249975585937500000e+02
1.253243408203125000e+02
1.202061614990234375e+02
1.131653976440429688e+02
1.232664108276367188e+02
1.256235046386718750e+02
1.251612091064453125e+02
1.210639038085937500e+02
1.168808212280273438e+02
1.125873565673828125e+02
1.216912231445312500e+02
1.235863647460937500e+02
1.235506439208984375e+02
1.171144332885742188e+02
1.126511077880859375e+02
1.211435470581054688e+02
1.228507690429687500e+02
1.231017456054687500e+02
1.211219787597656250e+02
1.173917312622070312e+02
1.123837432861328125e+02
1.210122146606445312e+02
1.225489425659179688e+02
1.236762695312500000e+02
1.222670440673828125e+02
1.179787826538085938e+02
1.123096008300781250e+02
1.206769943237304688e+02
1.223680801391601562e+02
1.249716720581054688e+02
1.253331832885742188e+02
1.202313766479492188e+02
1.131749725341796875e+02
1.232266464233398438e+02
1.255064468383789062e+02
1.249449386596679688e+02
1.208789672851562500e+02
1.169068145751953125e+02
1.126203765869140625e+02
1.216600341796875000e+02
1.234837722778320312e+02
1.233196868896484375e+02
1.206506195068359375e+02
1.127028198242187500e+02
1.211210479736328125e+02
1.227704467773437500e+02
1.229463653564453125e+02
1.209558944702148438e+02
1.173774642944335938e+02
1.123988113403320312e+02
1.209967803955078125e+02
1.224997177124023438e+02
1.235780868530273438e+02
1.221648101806640625e+02
1.179389877319335938e+02
1.123067398071289062e+02
1.206691894531250000e+02
1.223390579223632812e+02
1.249098510742187500e+02
1.252632904052734375e+02
1.201945495605468750e+02
1.131678466796875000e+02
1.231970291137695312e+02
1.254194030761718750e+02
1.247740631103515625e+02
1.206174468994140625e+02
1.166827163696289062e+02
1.125797424316406250e+02
1.216363906860351562e+02
1.234078140258789062e+02
1.231665039062500000e+02
1.203797225952148438e+02
1.168952484130859375e+02
1.211031799316406250e+02
1.227064514160156250e+02
1.228169860839843750e+02
1.207579345703125000e+02
1.171957321166992188e+02
1.123700714111328125e+02
1.209835662841796875e+02
1.224562072753906250e+02
1.234797210693359375e+02
1.220217742919921875e+02
1.178285217285156250e+02
1.122785263061523438e+02
1.206621170043945312e+02
1.223113861083984375e+02
1.248426208496093750e+02
1.251627883911132812e+02
1.201185150146484375e+02
1.131462249755859375e+02
1.232333526611328125e+02
1.254691467285156250e+02
1.247689285278320312e+02
1.205304641723632812e+02
1.165499954223632812e+02
1.124799118041992188e+02
1.217156066894531250e+02
1.234899291992187500e+02
1.231811752319335938e+02
1.203108673095703125e+02
1.167521743774414062e+02
1.125418777465820312e+02
1.228106613159179688e+02
1.228425521850585938e+02
1.207144165039062500e+02
1.171082153320312500e+02
1.123028945922851562e+02
1.210354995727539062e+02
1.225224609375000000e+02
1.235078582763671875e+02
1.219979171752929688e+02
1.177820587158203125e+02
1.122566757202148438e+02
1.206760406494140625e+02
1.223441238403320312e+02
1.248690490722656250e+02
1.251542816162109375e+02
1.200941467285156250e+02
1.131356887817382812e+02
1.232942123413085938e+02
1.256226501464843750e+02
1.249326553344726562e+02
1.206363601684570312e+02
1.166093826293945312e+02
1.124998168945312500e+02
1.217569656372070312e+02
1.237029495239257812e+02
1.233931732177734375e+02
1.204367523193359375e+02
1.168202438354492188e+02
1.125638198852539062e+02
1.212293319702148438e+02
1.230877990722656250e+02
1.208542327880859375e+02
1.171819305419921875e+02
1.123226165771484375e+02
1.210632781982421875e+02
1.226717300415039062e+02
1.236968917846679688e+02
1.221327209472656250e+02
1.178505249023437500e+02
1.122726516723632812e+02
1.206954269409179688e+02
1.224157638549804688e+02
1.249944763183593750e+02
1.252675170898437500e+02
1.201547012329101562e+02
1.131503219604492188e+02
1.232902526855468750e+02
1.256502914428710938e+02
1.250394668579101562e+02
1.207576446533203125e+02
1.166878280639648438e+02
1.125269927978515625e+02
1.217279586791992188e+02
1.236880035400390625e+02
1.235672454833984375e+02
1.206084365844726562e+02
1.169168548583984375e+02
1.125950546264648438e+02
1.211819152832031250e+02
1.230084991455078125e+02
1.210807418823242188e+02
1.172931213378906250e+02
1.123517456054687500e+02
1.210434722900390625e+02
1.226557769775390625e+02
1.238675842285156250e+02
1.223254241943359375e+02
1.179516983032226562e+02
1.122962036132812500e+02
1.206929550170898438e+02
1.224259262084960938e+02
1.250745010375976562e+02
1.253943634033203125e+02
1.202357559204101562e+02
1.131709060668945312e+02
1.232567214965820312e+02
1.255792388916015625e+02
1.250103836059570312e+02
1.208210754394531250e+02
1.167545928955078125e+02
1.125531158447265625e+02
1.216900787353515625e+02
1.235758666992187500e+02
1.234705505371093750e+02
1.207224578857421875e+02
1.170201797485351562e+02
1.126297912597656250e+02
1.211475677490234375e+02
1.228687210083007812e+02
1.231745300292968750e+02
1.174469223022460938e+02
1.123884048461914062e+02
1.210188751220703125e+02
1.225761108398437500e+02
1.237727966308593750e+02
1.224486236572265625e+02
1.180693130493164062e+02
1.123247909545898438e+02
1.206817016601562500e+02
1.223896408081054688e+02
1.250376586914062500e+02
1.254416503906250000e+02
1.203030090332031250e+02
1.131918106079101562e+02
1.232244720458984375e+02
1.254944915771484375e+02
1.248938674926757812e+02
1.207392349243164062e+02
1.167310028076171875e+02
1.125531158447265625e+02
1.216604919433593750e+02
1.234834136962890625e+02
1.233068695068359375e+02
1.205737762451171875e+02
1.170233154296875000e+02
1.126491622924804688e+02
1.211229400634765625e+02
1.227779846191406250e+02
1.229684829711914062e+02
1.210284957885742188e+02
1.124367141723632812e+02
1.209994812011718750e+02
1.225102996826171875e+02
1.236149291992187500e+02
1.222677993774414062e+02
1.180911026000976562e+02
1.123501586914062500e+02
1.206711425781250000e+02
1.223483276367187500e+02
1.249425277709960938e+02
1.253431320190429688e+02
1.202800827026367188e+02
1.131965942382812500e+02
1.231944961547851562e+02
1.254108505249023438e+02
1.247514801025390625e+02
1.205666351318359375e+02
1.166006317138671875e+02
1.125073776245117188e+02
1.216347961425781250e+02
1.234023666381835938e+02
1.231535644531250000e+02
1.203504409790039062e+02
1.168293228149414062e+02
1.126081542968750000e+02
1.211022720336914062e+02
1.227033309936523438e+02
1.228117599487304688e+02
1.207546310424804688e+02
1.172213745117187500e+02
1.209831542968750000e+02
1.224551773071289062e+02
1.234798583984375000e+02
1.220325546264648438e+02
1.178717727661132812e+02
1.123274612426757812e+02
1.206620101928710938e+02
1.223113479614257812e+02
1.248451995849609375e+02
1.251778182983398438e+02
1.201473007202148438e+02
1.131631698608398438e+02
1.232042007446289062e+02
1.254228515625000000e+02
1.247374572753906250e+02
1.205165023803710938e+02
1.165433731079101562e+02
1.124778137207031250e+02
1.216541900634765625e+02
1.234296569824218750e+02
1.231496353149414062e+02
1.202970352172851562e+02
1.167454071044921875e+02
1.125397644042968750e+02
1.211529998779296875e+02
1.227621078491210938e+02
1.228216018676757812e+02
1.207032241821289062e+02
1.171022567749023438e+02
1.123012771606445312e+02
1.225654144287109375e+02
1.235134658813476562e+02
1.219934844970703125e+02
1.177782974243164062e+02
1.122556610107421875e+02
1.207145690917968750e+02
1.223977661132812500e+02
1.248979873657226562e+02
1.251602630615234375e+02
1.200933837890625000e+02
1.131351623535156250e+02
1.232365188598632812e+02
1.254988403320312500e+02
1.248235092163085938e+02
1.205797500610351562e+02
1.165811233520507812e+02
1.124907455444335938e+02
1.216891250610351562e+02
1.235253677368164062e+02
1.232601242065429688e+02
1.203758850097656250e+02
1.167904739379882812e+02
1.125545272827148438e+02
1.211820907592773438e+02
1.229126892089843750e+02
1.229760360717773438e+02
1.208025817871093750e+02
1.171551971435546875e+02
1.123154220581054688e+02
1.211075363159179688e+02
1.237466735839843750e+02
1.221148376464843750e+02
1.178338623046875000e+02
1.122681503295898438e+02
1.207339706420898438e+02
1.225477828979492188e+02
1.251105041503906250e+02
1.252944793701171875e+02
1.201516189575195312e+02
1.131480178833007812e+02
1.232562713623046875e+02
1.255587615966796875e+02
1.249214859008789062e+02
1.206771850585937500e+02
1.166460037231445312e+02
1.125137863159179688e+02
1.217005004882812500e+02
1.235842819213867188e+02
1.233875503540039062e+02
1.205074310302734375e+02
1.168730545043945312e+02
1.125822677612304688e+02
1.211716995239257812e+02
1.229420700073242188e+02
1.231920623779296875e+02
1.210034866333007812e+02
1.172640457153320312e+02
1.123443222045898438e+02
1.210598068237304688e+02
1.227508926391601562e+02
1.224398956298828125e+02
1.179622879028320312e+02
1.122957534790039062e+02
1.207126693725585938e+02
1.225343551635742188e+02
1.253948822021484375e+02
1.256019897460937500e+02
1.202899703979492188e+02
1.131779174804687500e+02
1.232459793090820312e+02
1.255438842773437500e+02
1.249365081787109375e+02
1.207303009033203125e+02
1.166942138671875000e+02
1.125329742431640625e+02
1.216839370727539062e+02
1.235494766235351562e+02
1.233893432617187500e+02
1.205835342407226562e+02
1.169451065063476562e+02
1.126096420288085938e+02
1.211470794677734375e+02
1.228632202148437500e+02
1.231352233886718750e+02
1.211646347045898438e+02
1.174022369384765625e+02
1.123823394775390625e+02
1.210251541137695312e+02
1.226043777465820312e+02
1.239252166748046875e+02
1.182186737060546875e+02
1.123423538208007812e+02
1.206886215209960938e+02
1.224295349121093750e+02
1.252237777709960938e+02
1.258839263916015625e+02
1.205315856933593750e+02
1.132317810058593750e+02
1.232182388305664062e+02
1.254740905761718750e+02
1.248467941284179688e+02
1.206616744995117188e+02
1.166592330932617188e+02
1.125235061645507812e+02
1.216565246582031250e+02
1.234688796997070312e+02
1.232683944702148438e+02
1.204851913452148438e+02
1.169092025756835938e+02
1.126063156127929688e+02
1.211211471557617188e+02
1.227709426879882812e+02
1.229514236450195312e+02
1.209752426147460938e+02
1.174154663085937500e+02
1.124114837646484375e+02
1.209998855590820312e+02
1.225133285522460938e+02
1.236375274658203125e+02
1.224085922241210938e+02
1.124328002929687500e+02
1.206723403930664062e+02
1.223566894531250000e+02
1.249938735961914062e+02
1.255799331665039062e+02
1.206600875854492188e+02
1.133076934814453125e+02
1.231916732788085938e+02
1.254022140502929688e+02
1.247331314086914062e+02
1.205358352661132812e+02
1.165665664672851562e+02
1.124888687133789062e+02
1.216326980590820312e+02
1.233953933715820312e+02
1.231383514404296875e+02
1.203210983276367188e+02
1.167820434570312500e+02
1.125614089965820312e+02
1.211008529663085938e+02
1.226981658935546875e+02
1.228010177612304688e+02
1.207358169555664062e+02
1.171796112060546875e+02
1.123722534179687500e+02
1.209823379516601562e+02
1.224527053833007812e+02
1.234760894775390625e+02
1.220373687744140625e+02
1.179378890991210938e+02
1.206617050170898438e+02
1.223107070922851562e+02
1.248483581542968750e+02
1.252113189697265625e+02
1.202497329711914062e+02
1.132663574218750000e+02
1.231918563842773438e+02
1.253979492187500000e+02
1.247143173217773438e+02
1.205022430419921875e+02
1.165354461669921875e+02
1.124751663208007812e+02
1.216361236572265625e+02
1.233967514038085938e+02
1.231217193603515625e+02
1.202803421020507812e+02
1.167363510131835938e+02
1.125368423461914062e+02
1.211120681762695312e+02
1.227127914428710938e+02
1.227896118164062500e+02
1.206845779418945312e+02
1.170924453735351562e+02
1.122986526489257812e+02
1.210330963134765625e+02
1.225103759765625000e+02
1.234848480224609375e+02
1.219754867553710938e+02
1.177692794799804688e+02
1.122535552978515625e+02
1.224345855712890625e+02
1.248933181762695312e+02
1.251479034423828125e+02
1.200858612060546875e+02
1.131332855224609375e+02
1.232116851806640625e+02
1.254441070556640625e+02
1.247677459716796875e+02
1.205435028076171875e+02
1.165607833862304688e+02
1.124839553833007812e+02
1.216587295532226562e+02
1.234536819458007812e+02
1.231893157958984375e+02
1.203324050903320312e+02
1.167671966552734375e+02
1.125470962524414062e+02
1.211411361694335938e+02
1.227941055297851562e+02
1.228835678100585938e+02
1.207535018920898438e+02
1.171306076049804688e+02
1.123089752197265625e+02
1.210772781372070312e+02
1.226851730346679688e+02
1.236675186157226562e+02
1.220773773193359375e+02
1.178146133422851562e+02
1.122635421752929688e+02
1.207955703735351562e+02
1.253086013793945312e+02
1.253202209472656250e+02
1.201454391479492188e+02
1.131451721191406250e+02
1.232327728271484375e+02
1.254989395141601562e+02
1.248442230224609375e+02
1.206144714355468750e+02
1.166079864501953125e+02
1.125008468627929688e+02
1.216782913208007812e+02
1.235147171020507812e+02
1.232851486206054688e+02
1.204255294799804688e+02
1.168275222778320312e+02
1.125678634643554688e+02
1.211555938720703125e+02
1.228623504638671875e+02
1.230216751098632812e+02
1.208910446166992188e+02
1.172143402099609375e+02
1.123323593139648438e+02
1.210670318603515625e+02
1.227374191284179688e+02
1.240175781250000000e+02
1.223611526489257812e+02
1.179413299560546875e+02
1.122907180786132812e+02
1.207438278198242188e+02
1.227981262207031250e+02
1.261528320312500000e+02
1.203770904541015625e+02
1.131859817504882812e+02
1.232328109741210938e+02
1.255059967041015625e+02
1.248729248046875000e+02
1.206611709594726562e+02
1.166463775634765625e+02
1.125159454345703125e+02
1.216737899780273438e+02
1.235130538940429688e+02
1.233134231567382812e+02
1.204885330200195312e+02
1.168824539184570312e+02
1.125895233154296875e+02
1.211423110961914062e+02
1.228368835449218750e+02
1.230430297851562500e+02
1.209965286254882812e+02
1.173164367675781250e+02
1.123664703369140625e+02
1.210307998657226562e+02
1.226228866577148438e+02
1.239261856079101562e+02
1.227227935791015625e+02
1.182288742065429688e+02
1.123551712036132812e+02
1.206999130249023438e+02
1.225112457275390625e+02
1.258543243408203125e+02
1.213919601440429688e+02
1.133368988037109375e+02
1.232121047973632812e+02
1.254555206298828125e+02
1.248106231689453125e+02
1.206125640869140625e+02
1.166185913085937500e+02
1.125071640014648438e+02
1.216520843505859375e+02
1.234530487060546875e+02
1.232319259643554688e+02
1.204234085083007812e+02
1.168503875732421875e+02
1.125819320678710938e+02
1.211188583374023438e+02
1.227607498168945312e+02
1.229211044311523438e+02
1.208945693969726562e+02
1.172900695800781250e+02
1.123726348876953125e+02
1.210005950927734375e+02
1.225167083740234375e+02
1.236508407592773438e+02
1.224071273803710938e+02
1.183457107543945312e+02
1.124302673339843750e+02
1.206745452880859375e+02
1.223731384277343750e+02
1.251152572631835938e+02
1.264286346435546875e+02
1.137198181152343750e+02
1.231904602050781250e+02
1.253984069824218750e+02
1.247249908447265625e+02
1.205230026245117188e+02
1.165540695190429688e+02
1.124829940795898438e+02
1.216318588256835938e+02
1.233924179077148438e+02
1.231311874389648438e+02
1.203070297241210938e+02
1.167637100219726562e+02
1.125496597290039062e+02
1.211004257202148438e+02
1.226963882446289062e+02
1.227962722778320312e+02
1.207233886718750000e+02
1.171466064453125000e+02
1.123285217285156250e+02
1.209823989868164062e+02
1.224531250000000000e+02
1.234788055419921875e+02
1.220473480224609375e+02
1.179333419799804688e+02
1.123869094848632812e+02
1.206619949340820312e+02
1.223128967285156250e+02
1.248641738891601562e+02
1.253135986328125000e+02
1.206598358154296875e+02
