1.262745208740234375e+02
1.252317352294921875e+02
1.209127883911132812e+02
1.168936004638671875e+02
1.126751556396484375e+02
1.219255294799804688e+02
1.238594055175781250e+02
1.235624465942382812e+02
1.206624374389648438e+02
1.170722351074218750e+02
1.127431793212890625e+02
1.213314285278320312e+02
1.231308212280273438e+02
1.231841888427734375e+02
1.210168914794921875e+02
1.174051742553710938e+02
1.125282211303710938e+02
1.212550582885742188e+02
1.229174270629882812e+02
1.238713836669921875e+02
1.222736206054687500e+02
1.180573196411132812e+02
1.124731216430664062e+02
1.209537429809570312e+02
1.228177871704101562e+02
1.252674713134765625e+02
1.254753799438476562e+02
1.203768844604492188e+02
1.133284454345703125e+02
1.240045394897460938e+02
1.260175323486328125e+02
1.211403045654296875e+02
1.169886550903320312e+02
1.127051239013671875e+02
1.219574050903320312e+02
1.241841049194335938e+02
1.238741378784179688e+02
1.208304824829101562e+02
1.171611633300781250e+02
1.127724990844726562e+02
1.213758544921875000e+02
1.232719573974609375e+02
1.233555603027343750e+02
1.211491851806640625e+02
1.174839706420898438e+02
1.125516052246093750e+02
1.212821121215820312e+02
1.229911651611328125e+02
1.239850234985351562e+02
1.223810424804687500e+02
1.181216430664062500e+02
1.124902191162109375e+02
1.209683456420898438e+02
1.228620681762695312e+02
1.253456497192382812e+02
1.255588989257812500e+02
1.204288940429687500e+02
1.133424606323242188e+02
1.235461196899414062e+02
1.266018905639648438e+02
1.216674652099609375e+02
1.171586914062500000e+02
1.127542495727539062e+02
1.218655471801757812e+02
1.240497589111328125e+02
1.240874328613281250e+02
1.210555114746093750e+02
1.172872238159179688e+02
1.128142852783203125e+02
1.213587265014648438e+02
1.232673645019531250e+02
1.234334716796875000e+02
1.212675552368164062e+02
1.175708541870117188e+02
1.125794677734375000e+02
1.212822036743164062e+02
1.230030517578125000e+02
1.240359191894531250e+02
1.224610366821289062e+02
1.181818161010742188e+02
1.125078430175781250e+02
1.209705429077148438e+02
1.228729324340820312e+02
1.253788986206054688e+02
1.256138839721679688e+02
1.204718322753906250e+02
1.133553009033203125e+02
1.233673782348632812e+02
1.258648757934570312e+02
1.258076705932617188e+02
1.174819564819335938e+02
1.128349075317382812e+02
1.217885894775390625e+02
1.238140869140625000e+02
1.238292007446289062e+02
1.211677627563476562e+02
1.174308853149414062e+02
1.128664398193359375e+02
1.213227691650390625e+02
1.231724624633789062e+02
1.233574295043945312e+02
1.212856216430664062e+02
1.176245498657226562e+02
1.126026306152343750e+02
1.212653427124023438e+02
1.229628677368164062e+02
1.239969482421875000e+02
1.224617233276367188e+02
1.182043533325195312e+02
1.125177078247070312e+02
1.209626998901367188e+02
1.228519287109375000e+02
1.253533706665039062e+02
1.256084976196289062e+02
1.204812240600585938e+02
1.133601226806640625e+02
1.233136825561523438e+02
1.256787109375000000e+02
1.252643890380859375e+02
1.214474487304687500e+02
1.129435958862304688e+02
1.217551498413085938e+02
1.237072067260742188e+02
1.236185226440429688e+02
1.209437408447265625e+02
1.174204177856445312e+02
1.128939361572265625e+02
1.213008041381835938e+02
1.231017837524414062e+02
1.232446365356445312e+02
1.211787567138671875e+02
1.175765762329101562e+02
1.125969543457031250e+02
1.212507629394531250e+02
1.229208831787109375e+02
1.239229431152343750e+02
1.223847961425781250e+02
1.181615676879882812e+02
1.125083999633789062e+02
1.209543609619140625e+02
1.228256378173828125e+02
1.253034286499023438e+02
1.255517730712890625e+02
1.204463195800781250e+02
1.133512725830078125e+02
1.232824096679687500e+02
1.255823593139648438e+02
1.250471191406250000e+02
1.209875640869140625e+02
1.171307678222656250e+02
1.217316589355468750e+02
1.236330184936523438e+02
1.234681930541992188e+02
1.206977005004882812e+02
1.171831436157226562e+02
1.128439331054687500e+02
1.212829589843750000e+02
1.230412597656250000e+02
1.231314926147460938e+02
1.210263595581054688e+02
1.174482955932617188e+02
1.125547790527343750e+02
1.212372055053710938e+02
1.228796768188476562e+02
1.238390274047851562e+02
1.222729034423828125e+02
1.180757369995117188e+02
1.124825286865234375e+02
1.209460449218750000e+02
1.227980651855468750e+02
1.252446746826171875e+02
1.254700241088867188e+02
1.203845291137695312e+02
1.133327102661132812e+02
1.234730148315429688e+02
1.257748718261718750e+02
1.250986480712890625e+02
1.208814849853515625e+02
1.168825531005859375e+02
1.126718902587890625e+02
1.238314208984375000e+02
1.235275344848632812e+02
1.206452178955078125e+02
1.170634689331054688e+02
1.127403182983398438e+02
1.213751068115234375e+02
1.231533432006835938e+02
1.231802978515625000e+02
1.210083999633789062e+02
1.173991088867187500e+02
1.125262985229492188e+02
1.212638778686523438e+02
1.229287490844726562e+02
1.238740005493164062e+02
1.222697677612304688e+02
1.180535430908203125e+02
1.124719696044921875e+02
1.209565734863281250e+02
1.228236007690429688e+02
1.252715072631835938e+02
1.254745178222656250e+02
1.203747558593750000e+02
1.133276977539062500e+02
1.235307922363281250e+02
1.261254730224609375e+02
1.254067611694335938e+02
1.210308837890625000e+02
1.169585113525390625e+02
1.126971511840820312e+02
1.219553146362304688e+02
1.238436279296875000e+02
1.207983169555664062e+02
1.171440963745117188e+02
1.127669296264648438e+02
1.214060592651367188e+02
1.233637466430664062e+02
1.233999252319335938e+02
1.211518783569335938e+02
1.174788894653320312e+02
1.125493087768554688e+02
1.212972412109375000e+02
1.230265121459960938e+02
1.240179824829101562e+02
1.223931579589843750e+02
1.181226882934570312e+02
1.124897537231445312e+02
1.209753417968750000e+02
1.228807449340820312e+02
1.253697814941406250e+02
1.255729675292968750e+02
1.204328384399414062e+02
1.133428726196289062e+02
1.234359283447265625e+02
1.260175933837890625e+02
1.256465301513671875e+02
1.212480926513671875e+02
1.170719299316406250e+02
1.127344284057617188e+02
1.218535308837890625e+02
1.240457229614257812e+02
1.210475921630859375e+02
1.172621307373046875e+02
1.128050842285156250e+02
1.213694534301757812e+02
1.233296203613281250e+02
1.235657196044921875e+02
1.213303375244140625e+02
1.175843429565429688e+02
1.125801849365234375e+02
1.212941055297851562e+02
1.230417098999023438e+02
1.241048507690429688e+02
1.225156707763671875e+02
1.182037048339843750e+02
1.125117492675781250e+02
1.209778900146484375e+02
1.228965911865234375e+02
1.254226074218750000e+02
1.256561584472656250e+02
1.204932708740234375e+02
1.133600387573242188e+02
1.233552169799804688e+02
1.257932434082031250e+02
1.254339141845703125e+02
1.214059524536132812e+02
1.172164382934570312e+02
1.127832336425781250e+02
1.217905120849609375e+02
1.238197097778320312e+02
1.238668899536132812e+02
1.174278411865234375e+02
1.128537368774414062e+02
1.213290939331054688e+02
1.232000808715820312e+02
1.234367065429687500e+02
1.214139938354492188e+02
1.176857147216796875e+02
1.126127624511718750e+02
1.212725067138671875e+02
1.229872055053710938e+02
1.240555648803710938e+02
1.225419921875000000e+02
1.182548065185546875e+02
1.125294647216796875e+02
1.209676132202148438e+02
1.228692092895507812e+02
1.253930282592773438e+02
1.256638107299804688e+02
1.205195083618164062e+02
1.133703994750976562e+02
1.233139801025390625e+02
1.256728897094726562e+02
1.252145843505859375e+02
1.212180404663085938e+02
1.172420806884765625e+02
1.128176345825195312e+02
1.217577209472656250e+02
1.237144546508789062e+02
1.236303939819335938e+02
1.209767990112304688e+02
1.129076461791992188e+02
1.213041000366210938e+02
1.231142959594726562e+02
1.232758331298828125e+02
1.212468109130859375e+02
1.176726913452148438e+02
1.126289443969726562e+02
1.212542266845703125e+02
1.229324951171875000e+02
1.239525756835937500e+02
1.224384384155273438e+02
1.182148666381835938e+02
1.125264129638671875e+02
1.209567947387695312e+02
1.228344268798828125e+02
1.253256607055664062e+02
1.255910263061523438e+02
1.204815444946289062e+02
1.133629302978515625e+02
1.232827529907226562e+02
1.255820541381835938e+02
1.250394744873046875e+02
1.209514236450195312e+02
1.170134277343750000e+02
1.127762603759765625e+02
1.217324066162109375e+02
1.236351242065429688e+02
1.234711761474609375e+02
1.207005310058593750e+02
1.172054748535156250e+02
1.212838516235351562e+02
1.230445327758789062e+02
1.231392364501953125e+02
1.210432281494140625e+02
1.174854888916015625e+02
1.125975646972656250e+02
1.212381439208984375e+02
1.228828201293945312e+02
1.238472671508789062e+02
1.222898254394531250e+02
1.180991668701171875e+02
1.124950866699218750e+02
1.209467163085937500e+02
1.228005447387695312e+02
1.252513504028320312e+02
1.254838104248046875e+02
1.203997116088867188e+02
1.133389129638671875e+02
1.233250579833984375e+02
1.256394653320312500e+02
1.250379791259765625e+02
1.208618087768554688e+02
1.168743515014648438e+02
1.126693420410156250e+02
1.218212509155273438e+02
1.237283020019531250e+02
1.234896087646484375e+02
1.206299362182617188e+02
1.170559844970703125e+02
1.127378997802734375e+02
1.231623992919921875e+02
1.231684570312500000e+02
1.209986801147460938e+02
1.173932113647460938e+02
1.125245361328125000e+02
1.213002929687500000e+02
1.229584655761718750e+02
1.238798141479492188e+02
1.222659683227539062e+02
1.180498275756835938e+02
1.124708633422851562e+02
1.209662551879882812e+02
1.228414382934570312e+02
1.252835998535156250e+02
1.254761276245117188e+02
1.203731231689453125e+02
1.133270187377929688e+02
1.233885421752929688e+02
1.257996597290039062e+02
1.252107086181640625e+02
1.209755935668945312e+02
1.169394226074218750e+02
1.126917419433593750e+02
1.218635864257812500e+02
1.239500885009765625e+02
1.237138671875000000e+02
1.207650222778320312e+02
1.171302795410156250e+02
1.127626800537109375e+02
1.214264984130859375e+02
1.234298782348632812e+02
1.211485366821289062e+02
1.174735336303710938e+02
1.125473556518554688e+02
1.213328933715820312e+02
1.231245956420898438e+02
1.240845108032226562e+02
1.224112167358398438e+02
1.181248016357421875e+02
1.124895477294921875e+02
1.209931945800781250e+02
1.229281463623046875e+02
1.254251556396484375e+02
1.256008300781250000e+02
1.204402847290039062e+02
1.133438339233398438e+02
1.233807983398437500e+02
1.258221511840820312e+02
1.253156967163085938e+02
1.210994491577148438e+02
1.170211639404296875e+02
1.127208480834960938e+02
1.218294219970703125e+02
1.239251480102539062e+02
1.238888473510742188e+02
1.209405364990234375e+02
1.172306976318359375e+02
1.127962722778320312e+02
1.213714370727539062e+02
1.233687667846679688e+02
1.213790664672851562e+02
1.175885162353515625e+02
1.125793609619140625e+02
1.213096084594726562e+02
1.231060867309570312e+02
1.242585449218750000e+02
1.226069488525390625e+02
1.182296447753906250e+02
1.125156402587890625e+02
1.209898452758789062e+02
1.229391708374023438e+02
1.255086288452148438e+02
1.257320175170898438e+02
1.205255126953125000e+02
1.133662948608398438e+02
1.233452835083007812e+02
1.257475509643554688e+02
1.252815628051757812e+02
1.211594238281250000e+02
1.170870590209960938e+02
1.127474975585937500e+02
1.217892990112304688e+02
1.238088836669921875e+02
1.237852401733398438e+02
1.210495986938476562e+02
1.173334503173828125e+02
1.128320388793945312e+02
1.213334350585937500e+02
1.232192001342773438e+02
1.235108413696289062e+02
1.177401123046875000e+02
1.126177825927734375e+02
1.212806549072265625e+02
1.230177841186523438e+02
1.241542663574218750e+02
1.227213287353515625e+02
1.183449554443359375e+02
1.125457000732421875e+02
1.209742050170898438e+02
1.228946838378906250e+02
1.254622497558593750e+02
1.257735671997070312e+02
1.205924301147460938e+02
1.133880615234375000e+02
1.233117752075195312e+02
1.256605529785156250e+02
1.251630783081054688e+02
1.210765609741210938e+02
1.170630950927734375e+02
1.127476501464843750e+02
1.217582244873046875e+02
1.237141036987304688e+02
1.236174621582031250e+02
1.208995361328125000e+02
1.173375473022460938e+02
1.128525085449218750e+02
1.213061828613281250e+02
1.231224060058593750e+02
1.232985076904296875e+02
1.213183288574218750e+02
1.126677932739257812e+02
1.212575531005859375e+02
1.229444656372070312e+02
1.239903793334960938e+02
1.225406570434570312e+02
1.183656463623046875e+02
1.125718002319335938e+02
1.209595336914062500e+02
1.228453292846679688e+02
1.253595581054687500e+02
1.256720123291015625e+02
1.205694808959960938e+02
1.133933029174804688e+02
1.232802963256835938e+02
1.255736618041992188e+02
1.250171661376953125e+02
1.209001159667968750e+02
1.169289474487304688e+02
1.126996002197265625e+02
1.217308883666992188e+02
1.236299972534179688e+02
1.234587783813476562e+02
1.206720581054687500e+02
1.171392745971679688e+02
1.128100662231445312e+02
1.212829818725585938e+02
1.230417022705078125e+02
1.231348266601562500e+02
1.210414733886718750e+02
1.175132675170898438e+02
1.212378082275390625e+02
1.228821411132812500e+02
1.238483200073242188e+02
1.223025054931640625e+02
1.181451034545898438e+02
1.125472412109375000e+02
1.209466629028320312e+02
1.228007736206054688e+02
1.252546386718750000e+02
1.255006866455078125e+02
1.204313278198242188e+02
1.133576431274414062e+02
1.232924499511718750e+02
1.255894775390625000e+02
1.250052108764648438e+02
1.208481445312500000e+02
1.168680725097656250e+02
1.126673431396484375e+02
1.217537841796875000e+02
1.236632461547851562e+02
1.234580154418945312e+02
1.206171188354492188e+02
1.170498733520507812e+02
1.127359619140625000e+02
1.213440475463867188e+02
1.231125564575195312e+02
1.231503906250000000e+02
1.209896545410156250e+02
1.173883438110351562e+02
1.125231246948242188e+02
1.230202102661132812e+02
1.238943099975585938e+02
1.222654876708984375e+02
1.180475692749023438e+02
1.124701156616210938e+02
1.210234680175781250e+02
1.229169616699218750e+02
1.253265914916992188e+02
1.254881896972656250e+02
1.203743057250976562e+02
1.133268508911132812e+02
1.233273696899414062e+02
1.256710891723632812e+02
1.250986175537109375e+02
1.209182281494140625e+02
1.169107513427734375e+02
1.126823730468750000e+02
1.217912139892578125e+02
1.237650756835937500e+02
1.235781707763671875e+02
1.207043762207031250e+02
1.171006927490234375e+02
1.127531967163085938e+02
1.213747863769531250e+02
1.232768096923828125e+02
1.233194274902343750e+02
1.210993423461914062e+02
1.174478149414062500e+02
1.125400161743164062e+02
1.213927688598632812e+02
1.241518478393554688e+02
1.224000167846679688e+02
1.181101531982421875e+02
1.124851455688476562e+02
1.210497207641601562e+02
1.230946960449218750e+02
1.255676803588867188e+02
1.256385421752929688e+02
1.204399566650390625e+02
1.133418884277343750e+02
1.233465042114257812e+02
1.257301254272460938e+02
1.251966552734375000e+02
1.210174789428710938e+02
1.169779815673828125e+02
1.127069015502929688e+02
1.218016357421875000e+02
1.238217239379882812e+02
1.237064895629882812e+02
1.208379058837890625e+02
1.171859512329101562e+02
1.127828140258789062e+02
1.213613052368164062e+02
1.233019027709960938e+02
1.235370635986328125e+02
1.213010025024414062e+02
1.175588989257812500e+02
1.125713653564453125e+02
1.213320465087890625e+02
1.232170257568359375e+02
1.227234039306640625e+02
1.182405700683593750e+02
1.125151596069335938e+02
1.210181274414062500e+02
1.230672683715820312e+02
1.258469543457031250e+02
1.259448165893554688e+02
1.205797119140625000e+02
1.133732986450195312e+02
1.233344726562500000e+02
1.257118682861328125e+02
1.252074966430664062e+02
1.210679779052734375e+02
1.170255584716796875e+02
1.127265014648437500e+02
1.217831344604492188e+02
1.237826232910156250e+02
1.237030410766601562e+02
1.209100646972656250e+02
1.172575378417968750e+02
1.128110961914062500e+02
1.213331832885742188e+02
1.232143402099609375e+02
1.234711914062500000e+02
1.214537963867187500e+02
1.176949081420898438e+02
1.126112823486328125e+02
1.212889480590820312e+02
1.230509185791015625e+02
1.243091278076171875e+02
1.184940109252929688e+02
1.125645370483398438e+02
1.209839706420898438e+02
1.229407958984375000e+02
1.256508102416992188e+02
1.262143707275390625e+02
1.208207931518554688e+02
1.134288864135742188e+02
1.233053817749023438e+02
1.256396865844726562e+02
1.251155014038085938e+02
1.209978332519531250e+02
1.169895477294921875e+02
1.127165527343750000e+02
1.217541198730468750e+02
1.236993713378906250e+02
1.235782852172851562e+02
1.208100891113281250e+02
1.172211837768554688e+02
1.128076553344726562e+02
1.213042602539062500e+02
1.231151428222656250e+02
1.232811050415039062e+02
1.212646331787109375e+02
1.177071075439453125e+02
1.126410903930664062e+02
1.212582473754882812e+02
1.229482727050781250e+02
1.240135116577148438e+02
1.226812286376953125e+02
1.126585006713867188e+02
1.209612121582031250e+02
1.228547668457031250e+02
1.254104537963867188e+02
1.259084472656250000e+02
1.209531097412109375e+02
1.135081939697265625e+02
1.232772064208984375e+02
1.255642852783203125e+02
1.249975509643554688e+02
1.208672103881835938e+02
1.168924102783203125e+02
1.126793670654296875e+02
1.217285690307617188e+02
1.236224594116210938e+02
1.234423522949218750e+02
1.206407699584960938e+02
1.170887527465820312e+02
1.127595977783203125e+02
1.212813262939453125e+02
1.230359039306640625e+02
1.231231155395507812e+02
1.210214004516601562e+02
1.174692840576171875e+02
1.125992507934570312e+02
1.212368164062500000e+02
1.228792800903320312e+02
1.238441238403320312e+02
1.223077774047851562e+02
1.182145233154296875e+02
1.209462203979492188e+02
1.227998657226562500e+02
1.252574691772460938e+02
1.255354995727539062e+02
1.205395431518554688e+02
1.134690170288085938e+02
1.232795562744140625e+02
1.255641479492187500e+02
1.249819793701171875e+02
1.208339233398437500e+02
1.168600997924804688e+02
1.126646118164062500e+02
1.217349090576171875e+02
1.236297760009765625e+02
1.234302291870117188e+02
1.206006546020507812e+02
1.170408706665039062e+02
1.127329635620117188e+02
1.212984390258789062e+02
1.230612869262695312e+02
1.231190490722656250e+02
1.209716339111328125e+02
1.173787536621093750e+02
1.125204086303710938e+02
1.213118972778320312e+02
1.229655914306640625e+02
1.238688201904296875e+02
1.222489395141601562e+02
1.180389633178710938e+02
1.124679565429687500e+02
1.229750366210937500e+02
1.253306121826171875e+02
1.254788131713867188e+02
1.203674926757812500e+02
1.133250198364257812e+02
1.233022460937500000e+02
1.256165084838867188e+02
1.250430068969726562e+02
1.208817977905273438e+02
1.168900222778320312e+02
1.126752700805664062e+02
1.217605743408203125e+02
1.236938247680664062e+02
1.235075683593750000e+02
1.206608886718750000e+02
1.170771484375000000e+02
1.127454299926757812e+02
1.213322677612304688e+02
1.231548767089843750e+02
1.232270202636718750e+02
1.210507583618164062e+02
1.174231872558593750e+02
1.125331573486328125e+02
1.213640289306640625e+02
1.231692123413085938e+02
1.240765991210937500e+02
1.223644104003906250e+02
1.180911636352539062e+02
1.124802398681640625e+02
1.211336822509765625e+02
1.257853851318359375e+02
1.256685867309570312e+02
1.204340972900390625e+02
1.133389053344726562e+02
1.233234405517578125e+02
1.256716003417968750e+02
1.251204833984375000e+02
1.209547500610351562e+02
1.169393157958984375e+02
1.126933975219726562e+02
1.217799911499023438e+02
1.237543640136718750e+02
1.236050949096679688e+02
1.207562179565429688e+02
1.171398849487304688e+02
1.127677459716796875e+02
1.213459396362304688e+02
1.232233963012695312e+02
1.233679885864257812e+02
1.211898345947265625e+02
1.175089263916015625e+02
1.125585327148437500e+02
1.213451690673828125e+02
1.232136993408203125e+02
1.244277954101562500e+02
1.226459350585937500e+02
1.182183532714843750e+02
1.125093536376953125e+02
1.210607604980468750e+02
1.233568954467773438e+02
1.264786987304687500e+02
1.206579895019531250e+02
1.133798141479492188e+02
1.233217697143554688e+02
1.256752700805664062e+02
1.251458892822265625e+02
1.210002975463867188e+02
1.169780807495117188e+02
1.127091674804687500e+02
1.217734222412109375e+02
1.237479782104492188e+02
1.236290664672851562e+02
1.208174285888671875e+02
1.171956710815429688e+02
1.127906265258789062e+02
1.213288879394531250e+02
1.231894912719726562e+02
1.233818054199218750e+02
1.212915725708007812e+02
1.176118087768554688e+02
1.125950088500976562e+02
1.212971878051757812e+02
1.230749816894531250e+02
1.243160934448242188e+02
1.229999160766601562e+02
1.185067749023437500e+02
1.125778121948242188e+02
1.209993820190429688e+02
1.230305252075195312e+02
1.262691192626953125e+02
1.216587219238281250e+02
1.135305252075195312e+02
1.232992935180664062e+02
1.256212768554687500e+02
1.250798568725585938e+02
1.209490356445312500e+02
1.169486465454101562e+02
1.126996841430664062e+02
1.217496795654296875e+02
1.236838531494140625e+02
1.235421981811523438e+02
1.207491302490234375e+02
1.171622085571289062e+02
1.127825469970703125e+02
1.213019027709960938e+02
1.231049652099609375e+02
1.232513046264648438e+02
1.211864471435546875e+02
1.175852890014648438e+02
1.126016616821289062e+02
1.212593231201171875e+02
1.229524154663085938e+02
1.240269927978515625e+02
1.226823501586914062e+02
1.186274490356445312e+02
1.126578674316406250e+02
1.209640808105468750e+02
1.228720474243164062e+02
1.255244293212890625e+02
1.267347412109375000e+02
1.139195632934570312e+02
1.232757110595703125e+02
1.255597076416015625e+02
1.249881820678710938e+02
1.208528060913085938e+02
1.168784637451171875e+02
1.126727294921875000e+02
1.217274780273437500e+02
1.236187591552734375e+02
1.234338226318359375e+02
1.206248855590820312e+02
1.170684509277343750e+02
1.127466049194335938e+02
1.212806625366210938e+02
1.230333786010742188e+02
1.231169509887695312e+02
1.210069427490234375e+02
1.174339675903320312e+02
1.125528411865234375e+02
1.212367248535156250e+02
1.228792114257812500e+02
1.238454437255859375e+02
1.223153076171875000e+02
1.182073974609375000e+02
1.126121978759765625e+02
1.209464721679687500e+02
1.228017196655273438e+02
1.252711105346679688e+02
1.256314010620117188e+02
1.209444274902343750e+02
